0.024895 1.589133 27.453393
0.003626 1.766875 30.111020
0.003295 1.234912 21.061653
0.004338 1.706007 29.087904
0.003506 1.381518 23.558352
0.003661 0.775805 13.230443
0.001950 0.880164 14.994585
0.002680 0.786706 13.424923
0.002378 0.874254 14.908264
0.002464 0.654466 11.170149
0.005724 0.568374 9.764067
0.008590 0.691614 11.890386
0.003659 0.621659 10.598530
0.005303 0.554591 9.444289
0.005964 0.555061 9.517889
0.007389 0.489957 8.458287
0.008299 0.499737 8.586888
0.004918 0.383399 6.577316
0.005780 0.533205 9.093633
0.011249 0.441674 7.702671
0.018266 0.448842 7.944141
0.011745 0.390062 6.795053
0.017320 0.454929 7.866746
0.016560 0.344349 6.139130
0.013341 0.462285 7.940269
0.013968 0.370106 6.324006
0.013934 0.303401 5.243177
0.016917 0.258191 4.548817
0.016898 0.331667 5.651742
0.014702 0.388414 6.694056
0.017841 0.377464 6.490674
0.008961 0.270975 4.747546
0.012665 0.392432 6.746069
0.013584 0.256840 4.496295
0.012826 0.370555 6.384966
0.012210 0.381300 6.593473
0.010219 0.380897 6.567712
0.008535 0.392291 6.775253
0.008013 0.388498 6.718897
0.007821 0.380110 6.597145
0.008246 0.193922 3.439301
0.010329 0.259976 4.502195
0.007927 0.294827 5.088727
0.011730 0.211160 3.765604
0.009420 0.362174 6.277001
0.007375 0.242374 4.193574
0.009510 0.247578 4.237985
0.013418 0.203103 3.631760
0.008511 0.197175 3.426033
0.009931 0.184011 3.210527
0.008078 0.246481 4.213521
0.008913 0.188957 3.283430
0.011447 0.239528 4.268723
0.008614 0.205032 3.634247
0.008895 0.192127 3.272605
0.008749 0.183227 3.121005
0.008354 0.237978 4.124753
0.004512 0.245010 4.243842
0.009362 0.209287 3.648084
0.008732 0.321496 5.615905
0.010970 0.241793 4.194736
0.009593 0.183397 3.225980
0.005682 0.258688 4.486098
0.009414 0.205888 3.578711
0.008388 0.186364 3.204541
0.008542 0.195401 3.328147
0.007962 0.208893 3.572914
0.007914 0.195052 3.374895
0.006858 0.198554 3.423991
0.007940 0.200293 3.412815
0.004871 0.192343 3.276653
0.008561 0.195189 3.350797
0.004094 0.192110 3.279197
0.005969 0.194119 3.309916
0.013358 0.196151 3.369055
0.002628 0.252832 4.309229
0.002632 0.189682 3.231700
0.002776 0.192081 3.297797
0.004065 0.241334 4.113661
0.008120 0.191114 3.338031
