2.302707 61.690379 64.010603
14.169679 98.868606 113.060657
1.361135 85.289319 86.675494
0.705667 81.032031 81.765786
0.669981 90.889589 91.587274
0.280893 45.640743 46.185040
0.715392 32.754716 37.154013
0.951363 42.072541 43.817330
0.723723 39.432197 45.727945
0.656146 45.948974 51.478899
0.314150 27.203376 35.792395
0.364508 32.278422 42.220156
0.210963 30.740383 37.738604
0.278337 29.230796 31.391870
0.223486 32.156562 36.341907
1.432293 27.339437 41.819561
0.390512 28.309421 39.630382
0.383389 22.896210 28.011475
0.142925 23.092416 34.978284
0.822512 24.997002 35.428514
0.700514 18.304848 26.221862
0.200796 15.308682 19.138328
0.222337 19.634388 24.327671
0.371216 17.811309 24.836959
0.308667 16.788096 20.645884
0.310583 16.638541 21.518206
0.505219 10.402993 14.250438
0.333553 10.384751 14.182949
0.450573 9.737069 14.277932
0.698612 11.145531 14.565512
0.302298 9.047806 15.140601
0.325370 7.886677 11.910829
0.369952 8.665676 14.914008
0.423041 9.084316 13.084840
0.269784 8.816734 14.652797
0.365237 7.900358 13.575687
0.695927 9.560199 16.027797
0.270142 8.895668 16.089423
0.261696 8.492588 14.939042
0.368655 8.418107 12.459993
0.242326 6.737945 9.939767
0.140266 7.909778 14.308378
0.172590 6.707079 10.488812
0.350787 7.927179 16.507634
0.316792 7.647129 12.555096
0.158560 6.294863 9.275678
0.328408 5.796441 9.237305
0.155782 6.615798 10.868348
0.138149 5.907049 8.588671
0.420586 5.902317 7.917830
0.242547 5.564625 9.422677
0.172352 6.076120 10.480322
0.148179 5.537077 7.976631
0.247837 5.984749 10.220855
0.304404 5.262497 8.747220
0.271007 5.184021 8.186374
0.249433 5.024547 8.077287
0.199251 5.251667 9.209757
0.189084 4.656956 7.613647
0.150303 4.479145 7.539095
0.253694 4.996037 12.423087
0.208952 5.442117 13.333574
0.204647 4.900357 11.394834
0.205202 4.572582 8.667823
0.159534 4.900839 9.722369
0.220960 4.761412 7.604238
0.196771 4.415117 10.571012
0.224475 4.121978 7.519702
0.230627 4.386130 8.391573
0.185416 3.718211 7.270901
0.203195 3.891324 8.854930
0.211579 3.891498 7.368739
0.233978 3.781940 7.369037
0.201859 4.651996 9.068074
0.217631 4.040172 9.385258
0.754320 4.113752 8.248872
0.192238 3.670100 7.794088
0.205598 4.096756 9.943439
0.199698 3.366497 7.674745
0.208831 4.357572 8.984182
