0.053268 3.161239 54.676798
0.034415 3.605839 61.903440
0.027045 2.650067 45.531337
0.029234 3.171285 54.426603
0.022094 3.287571 56.283823
0.038956 1.569855 27.357251
0.011743 1.841617 31.514930
0.013590 1.499916 25.687111
0.024810 1.652102 28.297581
0.042476 1.921140 33.388782
0.011062 1.174976 20.090460
0.009607 1.196406 20.507790
0.010170 1.225264 20.957497
0.032927 1.619111 27.647353
0.038425 1.432739 25.015005
0.009935 1.290084 22.104623
0.008406 1.188200 20.346265
0.009056 1.173171 20.089848
0.014251 1.178727 20.200195
0.016471 1.252401 21.491130
0.008496 0.909896 15.612187
0.008489 0.703803 12.067758
0.011724 1.044094 17.826258
0.010083 1.111020 18.976172
0.009411 1.054748 18.066792
0.019058 0.943345 16.197869
0.021996 0.775616 13.501016
0.010077 0.520870 9.016420
0.011275 0.679168 11.635679
0.013571 0.582095 10.028356
0.018289 0.715903 12.335636
0.023222 0.806441 13.850893
0.016454 0.748793 12.990007
0.030130 1.124460 19.631843
0.010488 0.734420 12.613253
0.011573 0.806258 13.880863
0.039273 0.820070 14.052883
0.011693 0.854662 14.727324
0.024383 0.634187 11.198495
0.013500 0.902742 15.467752
0.016112 0.655440 11.418850
0.012151 0.860047 14.700707
0.013158 0.870955 14.880511
0.011703 0.863243 14.727437
0.011395 0.864455 14.752320
0.012739 0.878027 15.068201
0.018152 0.869877 14.903429
0.013546 1.132534 19.431983
0.013832 0.984546 16.879054
0.013052 0.877104 14.951898
0.015122 0.980639 16.779503
0.014996 0.924588 15.827317
0.026121 0.896521 15.419044
0.022108 1.138960 19.634356
0.040660 1.346618 22.951952
0.013911 0.937915 16.018342
0.014393 0.990054 17.064257
0.013521 0.869679 14.969919
0.016982 0.974405 16.839289
0.029248 1.422618 24.227007
0.019588 1.435437 24.560877
0.016810 0.843740 14.546436
0.015768 0.992563 17.086256
0.027107 0.902628 15.589345
0.013674 0.978364 16.849958
0.028244 0.868579 14.870544
0.020186 1.003491 17.106421
0.028025 1.047244 18.018168
0.022363 0.841814 14.558958
0.016623 0.860391 14.788128
0.039769 0.879319 15.493820
0.016434 0.819073 14.011013
0.016696 1.022883 17.602179
0.017968 1.068519 18.348878
0.016547 0.915028 15.826499
0.019135 0.890536 15.444701
0.017599 0.865204 14.872635
0.021666 0.890368 15.237386
0.018766 0.946384 16.323443
0.034086 1.199612 20.467311
