0.596732 39.363657 39.990944
0.750760 36.047493 36.829643
0.642101 39.091543 39.768088
0.679471 41.013162 41.723116
0.728341 48.299411 49.061758
0.849965 44.293629 45.162500
0.853895 47.074194 47.947736
0.922073 45.518562 46.460029
0.850670 42.567819 43.437971
0.952385 42.208637 43.180600
0.807790 54.773443 55.602380
0.976747 48.960654 49.959241
0.987093 40.427710 41.435839
1.168353 46.085153 47.273954
0.948282 51.160819 52.128439
1.569402 46.498308 48.088235
1.356635 53.942795 55.320606
1.510415 43.137685 44.669076
1.073741 44.415112 45.509247
0.975805 46.994479 47.990482
1.161249 45.224790 46.410296
1.615208 50.740088 52.376005
1.251993 43.170689 44.443350
1.034273 44.345990 45.406718
1.133346 52.098895 53.253370
2.648856 47.380821 50.050870
1.788734 38.625050 40.436105
1.536961 53.217643 54.776514
1.624484 50.694744 52.340086
3.843318 48.052480 51.917354
1.910858 41.949366 43.881974
3.201871 45.866402 49.090506
4.189357 54.739115 58.950535
1.700052 56.627449 58.348289
2.057729 40.027618 42.108698
2.505178 54.297978 56.825367
2.726782 57.613913 60.362952
2.232048 51.289921 53.544632
2.173551 64.022725 66.217610
2.189029 53.313302 55.524124
2.635029 55.779563 58.436958
2.547059 40.667504 43.236984
3.297654 54.521433 57.841276
2.763958 45.745175 48.530084
2.589862 51.486314 54.098099
3.102709 47.330456 50.457169
3.584261 58.498851 62.104626
3.439983 45.300230 48.763031
3.528389 48.721028 52.271275
3.038291 41.103062 44.164500
4.414455 60.138889 64.575774
3.737528 43.265450 47.023643
3.521515 45.989602 49.534096
3.419492 54.620777 58.062847
3.812035 57.516629 61.352708
8.907739 41.419369 50.349229
4.367857 46.747381 51.136357
4.784477 50.673722 55.482473
7.903939 48.130759 56.057793
7.259595 56.674348 63.956925
4.964654 46.784764 51.771895
5.432854 53.027511 58.483320
4.563786 50.351599 54.938430
5.072835 47.780815 52.876569
4.413885 50.487440 54.925005
5.431870 48.400529 53.852104
5.167554 57.997116 63.187620
6.254675 55.987210 62.264904
5.249995 48.565405 53.838778
5.182159 53.850862 59.055213
7.165923 56.717908 63.905553
6.763640 55.778712 62.563511
5.971805 56.463090 62.477899
6.333833 46.289109 52.645716
7.467434 56.904782 64.395172
9.021638 50.706885 59.766636
7.531211 56.411807 63.965810
8.137389 46.527588 54.688556
9.426027 50.412112 59.858895
11.587155 47.197207 58.804852
