45.030062
354.036400
83.937604
511.740784
44.875472
384.755197
3.384007
443.957045
44.270841
484.759288
199.327202
225.512034
199.291486
201.985412
193.501432
235.420721
196.005752
227.698191
198.625556
227.386862
171.797695
197.513240
173.301034
191.271544
168.980935
196.944656
173.323006
155.958211
176.112464
196.161564
191.931659
189.204340
181.501978
201.904871
185.065269
200.453549
193.674253
201.783004
181.465283
200.799037
6.911967
429.124821
40.242431
601.536036
37.525926
492.203449
44.396098
537.767191
48.717869
469.361135
75.118824
1366.219542
78.261630
1059.485672
73.148392
1735.705580
75.821123
1579.388957
80.363850
820.872483
126.399563
30.330302
122.763005
27.401295
125.178549
30.611072
125.003473
29.447242
125.095603
31.031191
137.666829
59.392888
138.254624
61.299224
139.587020
60.626531
140.408225
61.148211
139.035867
59.889058
3.028728
153.515492
13.362235
179.468359
12.543559
147.480573
12.280356
162.317269
12.849156
199.723968
65.813660
3464.190225
64.900101
2055.880891
67.129969
1326.760956
55.275539
1613.282906
60.364221
503.749807
111.679197
31.602021
106.990514
31.854022
107.542204
31.539564
111.029322
31.414333
111.668601
31.706974
122.934998
79.776296
119.282642
80.216451
99.378394
79.431383
121.401374
83.327507
114.321712
81.889875
