0 0 775.532800
0 1 85.221073
0 2 79.530678
0 3 82.986707
0 4 77.058670
0 5 80.610834
0 6 86.505050
0 7 81.856864
0 8 96.697554
0 9 75.525635
0 10 84.757928
0 11 81.632759
0 12 95.957029
0 13 65.383877
0 14 99.396497
0 15 72.291703
0 16 104.640650
0 17 94.475995
0 18 98.013160
0 19 83.566185
0 20 100.590005
0 21 107.207979
0 22 106.131747
0 23 83.825803
0 24 96.672049
0 25 97.795217
0 26 78.547065
0 27 84.580257
0 28 71.192297
0 29 102.488704
1 0 84.572938
1 1 994.470664
1 2 75.548987
1 3 84.685303
1 4 97.834375
1 5 79.909272
1 6 75.835579
1 7 80.298084
1 8 63.537681
1 9 95.217452
1 10 81.755675
1 11 84.873242
1 12 82.863968
1 13 87.431967
1 14 77.642958
1 15 75.688104
1 16 80.907421
1 17 84.545300
1 18 84.564808
1 19 78.966631
1 20 86.124751
1 21 67.704439
1 22 86.465084
1 23 83.436977
1 24 61.380224
1 25 87.378986
1 26 99.655504
1 27 99.937432
1 28 78.531637
1 29 84.997903
2 0 83.612257
2 1 86.443841
2 2 1525.510410
2 3 85.213642
2 4 82.029385
2 5 83.108240
2 6 87.971487
2 7 74.389968
2 8 8.647962
2 9 84.353955
2 10 91.464953
2 11 99.964690
2 12 88.486540
2 13 96.034555
2 14 96.226814
2 15 99.506692
2 16 91.518244
2 17 104.347692
2 18 92.674348
2 19 96.764571
2 20 94.814093
2 21 105.444719
2 22 96.703933
2 23 90.942009
2 24 104.500173
2 25 97.356839
2 26 104.589637
2 27 97.058195
2 28 103.141261
2 29 91.534435
3 0 108.940737
3 1 89.437544
3 2 81.707071
3 3 1196.259081
3 4 103.293873
3 5 79.369929
3 6 72.531339
3 7 80.300283
3 8 83.391098
3 9 85.183109
3 10 71.953447
3 11 45.822053
3 12 86.710564
3 13 79.912176
3 14 87.794998
3 15 93.573467
3 16 73.689487
3 17 89.422087
3 18 109.476309
3 19 98.355097
3 20 106.393626
3 21 87.370307
3 22 88.422496
3 23 82.846017
3 24 87.723200
3 25 83.071351
3 26 71.370790
3 27 86.892157
3 28 82.854601
3 29 93.038999
4 0 81.227196
4 1 79.899836
4 2 82.127420
4 3 99.930620
4 4 1136.592974
4 5 61.711378
4 6 86.713983
4 7 81.449077
4 8 74.770006
4 9 83.793063
4 10 71.405553
4 11 90.306182
4 12 92.411466
4 13 66.483451
4 14 86.164402
4 15 78.216694
4 16 92.924983
4 17 91.615471
4 18 83.949007
4 19 73.554538
4 20 105.481389
4 21 105.558605
4 22 85.686802
4 23 73.588383
4 24 76.039463
4 25 82.165778
4 26 90.091596
4 27 83.962630
4 28 78.321162
4 29 99.771931
5 0 88.630087
5 1 83.791467
5 2 70.064943
5 3 73.633352
5 4 68.969491
5 5 444.471603
5 6 81.116334
5 7 73.154466
5 8 109.231600
5 9 89.290465
5 10 74.948391
5 11 82.806242
5 12 81.212946
5 13 82.694918
5 14 77.896679
5 15 76.183033
5 16 83.916971
5 17 88.191993
5 18 84.926506
5 19 82.896767
5 20 73.224500
5 21 77.078252
5 22 97.622643
5 23 107.511985
5 24 100.019251
5 25 87.300935
5 26 89.801869
5 27 102.271827
5 28 92.124014
5 29 85.985836
6 0 91.469708
6 1 75.665316
6 2 77.236625
6 3 70.815163
6 4 85.463681
6 5 77.491789
6 6 1360.992267
6 7 84.122424
6 8 105.841853
6 9 73.703071
6 10 73.799537
6 11 86.317446
6 12 73.745089
6 13 80.444958
6 14 95.364041
6 15 80.417746
6 16 91.385131
6 17 84.415480
6 18 75.415553
6 19 78.752411
6 20 87.485012
6 21 88.323942
6 22 74.121048
6 23 80.312747
6 24 70.869365
6 25 96.607282
6 26 99.683738
6 27 102.625019
6 28 96.413502
6 29 82.433747
7 0 87.778351
7 1 76.260972
7 2 74.254324
7 3 81.408370
7 4 80.988620
7 5 86.811545
7 6 87.688220
7 7 929.230195
7 8 71.407292
7 9 74.827251
7 10 71.559494
7 11 81.164237
7 12 72.134599
7 13 87.243786
7 14 76.517041
7 15 88.614908
7 16 91.006932
7 17 107.954014
7 18 86.443841
7 19 86.147525
7 20 107.349284
7 21 81.581275
7 22 77.145176
7 23 70.331609
7 24 86.850975
7 25 91.116287
7 26 96.311103
7 27 83.748386
7 28 76.742685
7 29 73.645066
8 0 68.374931
8 1 74.420179
8 2 99.906784
8 3 85.307856
8 4 88.895219
8 5 108.214323
8 6 78.234782
8 7 88.376299
8 8 661.758428
8 9 76.568329
8 10 73.113118
8 11 81.383515
8 12 70.510329
8 13 86.242125
8 14 80.804110
8 15 76.165222
8 16 86.110417
8 17 77.108658
8 18 83.405331
8 19 96.692239
8 20 94.512539
8 21 89.378473
8 22 86.094404
8 23 74.755390
8 24 86.548459
8 25 83.307380
8 26 87.594784
8 27 94.196755
8 28 87.109004
8 29 82.463887
9 0 85.687637
9 1 87.895887
9 2 93.277763
9 3 99.974916
9 4 86.130654
9 5 79.650226
9 6 74.860366
9 7 99.110907
9 8 90.056546
9 9 1148.315016
9 10 100.556657
9 11 87.825679
9 12 84.087040
9 13 81.418166
9 14 75.954761
9 15 91.216445
9 16 97.556597
9 17 103.219933
9 18 94.673265
9 19 96.414559
9 20 89.701132
9 21 102.498258
9 22 101.161494
9 23 91.920882
9 24 100.004468
9 25 98.488350
9 26 99.910189
9 27 93.623265
9 28 89.443910
9 29 87.410246
10 0 98.453074
10 1 83.397423
10 2 86.481236
10 3 87.353821
10 4 82.226457
10 5 80.621178
10 6 83.178971
10 7 79.016996
10 8 80.386144
10 9 75.173857
10 10 1212.083922
10 11 83.356327
10 12 86.365755
10 13 89.120386
10 14 95.565040
10 15 94.085924
10 16 94.736484
10 17 89.582371
10 18 92.419234
10 19 89.903750
10 20 100.942082
10 21 85.581757
10 22 97.117134
10 23 91.365197
10 24 103.879411
10 25 92.711466
10 26 98.755942
10 27 102.326555
10 28 95.014831
10 29 102.836184
11 0 93.504832
11 1 84.614430
11 2 79.084487
11 3 83.459144
11 4 81.734403
11 5 98.038286
11 6 78.442694
11 7 76.091428
11 8 84.432496
11 9 103.862239
11 10 82.563739
11 11 1168.916016
11 12 99.032797
11 13 85.403107
11 14 80.317147
11 15 77.308581
11 16 85.015155
11 17 74.880759
11 18 74.567806
11 19 70.588415
11 20 91.933371
11 21 79.943406
11 22 77.603227
11 23 104.083458
11 24 74.781448
11 25 82.017912
11 26 86.913621
11 27 89.313131
11 28 83.370548
11 29 82.426023
12 0 100.700558
12 1 84.719560
12 2 86.258193
12 3 83.868963
12 4 73.149599
12 5 64.959442
12 6 71.507719
12 7 83.195492
12 8 80.486179
12 9 91.226852
12 10 83.523335
12 11 87.224753
12 12 1692.532812
12 13 97.841993
12 14 99.752696
12 15 74.293836
12 16 84.910930
12 17 93.594376
12 18 81.738201
12 19 73.731490
12 20 88.389620
12 21 87.780979
12 22 104.310569
12 23 85.077649
12 24 94.033621
12 25 91.613563
12 26 84.663295
12 27 75.861087
12 28 76.140169
12 29 75.845388
13 0 100.662528
13 1 85.974069
13 2 103.028908
13 3 74.131668
13 4 77.056644
13 5 66.894002
13 6 68.797411
13 7 73.829889
13 8 76.938020
13 9 78.615863
13 10 85.126227
13 11 84.448708
13 12 82.928810
13 13 1095.813258
13 14 84.055702
13 15 101.846711
13 16 83.936190
13 17 84.119206
13 18 80.053268
13 19 74.789714
13 20 78.641869
13 21 83.894561
13 22 82.277220
13 23 79.068137
13 24 83.953013
13 25 92.092186
13 26 87.319135
13 27 76.712567
13 28 82.258753
13 29 77.938092
14 0 90.288570
14 1 99.314572
14 2 89.731329
14 3 80.425834
14 4 71.979943
14 5 88.056031
14 6 79.779539
14 7 89.817457
14 8 78.490292
14 9 67.661213
14 10 68.166159
14 11 82.516492
14 12 65.024269
14 13 68.216381
14 14 890.653404
14 15 94.676322
14 16 99.756090
14 17 103.742193
14 18 87.211781
14 19 92.036297
14 20 97.248126
14 21 78.271679
14 22 78.757347
14 23 78.582853
14 24 87.984686
14 25 71.716440
14 26 96.380753
14 27 92.765242
14 28 94.869314
14 29 86.612376
15 0 79.172754
15 1 81.493598
15 2 94.748729
15 3 77.544392
15 4 76.663091
15 5 75.499056
15 6 71.115744
15 7 70.423393
15 8 70.738281
15 9 76.246429
15 10 62.779461
15 11 94.974821
15 12 92.235105
15 13 90.876240
15 14 105.783301
15 15 1011.161400
15 16 102.353941
15 17 80.618961
15 18 100.259800
15 19 93.509802
15 20 87.939825
15 21 98.183831
15 22 95.764804
15 23 91.325356
15 24 97.485238
15 25 95.975876
15 26 90.797442
15 27 99.506692
15 28 97.077476
15 29 92.314481
16 0 94.537934
16 1 68.747943
16 2 91.736818
16 3 96.473776
16 4 68.092810
16 5 92.275744
16 6 70.088949
16 7 74.234898
16 8 84.667370
16 9 61.051334
16 10 54.279782
16 11 96.182621
16 12 82.910831
16 13 69.068055
16 14 101.779538
16 15 97.481997
16 16 1123.383528
16 17 85.948027
16 18 101.490649
16 19 93.515767
16 20 92.769156
16 21 96.277369
16 22 84.295751
16 23 84.144152
16 24 85.864128
16 25 94.175577
16 26 93.541623
16 27 83.956219
16 28 77.160064
16 29 85.870834
17 0 89.042800
17 1 72.076673
17 2 88.520379
17 3 70.460625
17 4 75.300635
17 5 90.451048
17 6 91.346221
17 7 62.733791
17 8 80.971473
17 9 62.948839
17 10 64.040516
17 11 89.395732
17 12 48.592367
17 13 74.632974
17 14 94.787528
17 15 93.691076
17 16 100.527926
17 17 1062.201790
17 18 99.590062
17 19 71.482731
17 20 73.431728
17 21 85.725217
17 22 71.341268
17 23 78.554781
17 24 85.620911
17 25 96.903153
17 26 68.602103
17 27 82.951490
17 28 90.889386
17 29 77.325571
18 0 93.550577
18 1 84.215851
18 2 93.349037
18 3 95.990539
18 4 97.399960
18 5 71.940500
18 6 97.470115
18 7 81.630486
18 8 92.433802
18 9 58.015599
18 10 65.934269
18 11 93.189810
18 12 59.148906
18 13 90.474306
18 14 96.715629
18 15 99.852346
18 16 99.889766
18 17 99.016075
18 18 782.849148
18 19 93.785977
18 20 95.284497
18 21 89.825712
18 22 89.060831
18 23 96.096456
18 24 94.671227
18 25 95.035363
18 26 93.929191
18 27 93.220427
18 28 96.307939
18 29 96.353303
19 0 88.731116
19 1 64.504510
19 2 95.354736
19 3 78.358838
19 4 87.235134
19 5 91.825882
19 6 68.286286
19 7 84.178778
19 8 75.613281
19 9 72.193211
19 10 95.270048
19 11 64.733797
19 12 66.757941
19 13 68.032245
19 14 98.017529
19 15 84.383087
19 16 100.024938
19 17 98.283663
19 18 74.731891
19 19 951.031790
19 20 105.153533
19 21 106.060083
19 22 103.367918
19 23 97.621560
19 24 95.531828
19 25 95.908901
19 26 93.538639
19 27 98.019713
19 28 95.179331
19 29 94.138284
20 0 97.497124
20 1 97.738711
20 2 69.213706
20 3 90.753413
20 4 69.651611
20 5 79.219102
20 6 87.079684
20 7 92.502819
20 8 67.752939
20 9 75.196350
20 10 66.088831
20 11 96.153181
20 12 66.385608
20 13 88.326602
20 14 84.297367
20 15 90.268185
20 16 78.809564
20 17 84.045261
20 18 102.275394
20 19 90.542291
20 20 665.261914
20 21 100.937449
20 22 99.380775
20 23 91.077606
20 24 96.914898
20 25 95.448896
20 26 96.276316
20 27 97.692034
20 28 79.251221
20 29 94.511524
21 0 95.188601
21 1 67.382874
21 2 72.732853
21 3 93.886081
21 4 55.620079
21 5 87.576470
21 6 93.864040
21 7 58.649222
21 8 76.543676
21 9 65.354244
21 10 59.926238
21 11 93.448209
21 12 9.182454
21 13 90.306182
21 14 79.541466
21 15 78.901464
21 16 91.298815
21 17 82.555215
21 18 98.060145
21 19 97.020726
21 20 102.720896
21 21 698.823629
21 22 103.530950
21 23 94.543015
21 24 93.403555
21 25 100.207259
21 26 96.294233
21 27 93.459131
21 28 96.474834
21 29 93.808982
22 0 91.982401
22 1 93.746995
22 2 94.422244
22 3 92.420205
22 4 61.277600
22 5 90.186739
22 6 92.179043
22 7 66.190782
22 8 69.733334
22 9 61.426946
22 10 71.544361
22 11 85.620077
22 12 62.734238
22 13 66.586120
22 14 77.097168
22 15 95.502785
22 16 86.106203
22 17 97.240601
22 18 88.480310
22 19 86.331848
22 20 100.384518
22 21 103.440854
22 22 791.585045
22 23 89.811955
22 24 91.992021
22 25 100.914288
22 26 91.652701
22 27 97.496043
22 28 93.637218
22 29 96.600916
23 0 90.784323
23 1 90.705684
23 2 79.017706
23 3 81.814988
23 4 79.614180
23 5 77.409272
23 6 79.653111
23 7 78.423111
23 8 87.754707
23 9 80.270239
23 10 86.465084
23 11 86.142463
23 12 90.100825
23 13 76.835865
23 14 93.602343
23 15 96.158437
23 16 85.680125
23 17 85.446247
23 18 98.451972
23 19 97.969494
23 20 96.497060
23 21 99.313451
23 22 91.011640
23 23 1070.214506
23 24 98.852499
23 25 100.715547
23 26 99.649859
23 27 101.958862
23 28 98.427736
23 29 91.682315
24 0 95.020990
24 1 96.096456
24 2 87.372043
24 3 92.345494
24 4 84.880613
24 5 83.613052
24 6 86.680657
24 7 82.431430
24 8 84.895359
24 9 96.172105
24 10 95.730410
24 11 83.299491
24 12 86.831256
24 13 85.243372
24 14 99.221588
24 15 91.945864
24 16 96.054481
24 17 91.932410
24 18 96.409275
24 19 99.515698
24 20 101.582070
24 21 97.043204
24 22 99.074068
24 23 98.238659
24 24 863.886567
24 25 100.238092
24 26 98.568917
24 27 100.653313
24 28 93.816987
24 29 95.668980
25 0 80.320081
25 1 85.589252
25 2 54.385499
25 3 79.594008
25 4 83.361067
25 5 69.459656
25 6 79.046820
25 7 81.652461
25 8 88.136322
25 9 84.913389
25 10 92.902409
25 11 60.914350
25 12 93.462110
25 13 78.665078
25 14 100.862216
25 15 97.432327
25 16 95.103179
25 17 97.476595
25 18 94.531838
25 19 90.683241
25 20 98.224398
25 21 106.107421
25 22 88.381627
25 23 96.904221
25 24 101.246495
25 25 850.439236
25 26 88.359431
25 27 101.519932
25 28 100.167320
25 29 84.943729
26 0 85.088348
26 1 84.215851
26 2 82.183435
26 3 95.061039
26 4 95.825314
26 5 85.415547
26 6 87.369439
26 7 93.591388
26 8 82.086799
26 9 85.369124
26 10 87.630563
26 11 87.398955
26 12 92.813205
26 13 96.164745
26 14 100.030625
26 15 104.893963
26 16 98.308928
26 17 91.816297
26 18 90.890325
26 19 100.410875
26 20 99.443694
26 21 103.404373
26 22 98.764813
26 23 100.570454
26 24 102.827769
26 25 103.090491
26 26 831.624565
26 27 83.624975
26 28 85.106460
26 29 96.046090
27 0 93.591388
27 1 85.358354
27 2 80.236557
27 3 92.209965
27 4 73.754983
27 5 80.411864
27 6 89.538600
27 7 86.353884
27 8 93.220427
27 9 97.332061
27 10 79.219102
27 11 85.982474
27 12 84.305446
27 13 79.586806
27 14 98.933663
27 15 102.536493
27 16 97.335292
27 17 94.245200
27 18 95.952842
27 19 95.142269
27 20 102.816952
27 21 102.500647
27 22 101.144045
27 23 98.350698
27 24 101.704222
27 25 98.923649
27 26 95.608668
27 27 887.956089
27 28 93.868046
27 29 97.646485
28 0 82.817157
28 1 91.656521
28 2 83.063506
28 3 82.029385
28 4 100.654465
28 5 79.899836
28 6 81.011743
28 7 82.516492
28 8 88.370084
28 9 89.010362
28 10 77.754831
28 11 87.164249
28 12 84.079806
28 13 82.899892
28 14 87.959171
28 15 102.943298
28 16 84.332119
28 17 82.810140
28 18 84.139322
28 19 88.194646
28 20 97.708311
28 21 99.349346
28 22 98.990446
28 23 90.691656
28 24 94.560293
28 25 97.672508
28 26 92.748614
28 27 97.036780
28 28 656.964151
28 29 101.956499
29 0 91.089867
29 1 81.875912
29 2 76.106571
29 3 85.558449
29 4 93.859032
29 5 78.914914
29 6 80.115974
29 7 86.919633
29 8 72.549884
29 9 82.237220
29 10 79.712301
29 11 91.044611
29 12 86.661015
29 13 83.510648
29 14 80.988620
29 15 89.267811
29 16 81.535145
29 17 88.261903
29 18 80.714392
29 19 98.425533
29 20 97.111773
29 21 99.803629
29 22 95.319604
29 23 92.931855
29 24 96.014638
29 25 98.374897
29 26 92.061342
29 27 95.899490
29 28 87.152158
29 29 603.629771
