0 0 1.902414
0 1 15.452128
0 2 10.535353
0 3 13.281692
0 4 10.351267
0 5 26.367185
0 6 11.631597
0 7 10.423097
0 8 11.612924
0 9 12.047066
0 10 24.017292
0 11 11.394375
0 12 12.305395
0 13 11.142193
0 14 33.579026
0 15 26.037502
0 16 21.167250
0 17 20.014410
0 18 34.636833
0 19 12.204320
0 20 31.010594
0 21 26.334346
0 22 19.331733
0 23 34.372628
0 24 25.885480
0 25 32.040786
0 26 29.604513
0 27 15.768581
0 28 21.273733
0 29 21.063441
1 0 7.564892
1 1 52.001117
1 2 11.800880
1 3 14.621943
1 4 12.928738
1 5 10.761800
1 6 16.525064
1 7 21.732915
1 8 10.337253
1 9 12.112360
1 10 18.801498
1 11 23.296712
1 12 20.935103
1 13 13.267589
1 14 37.135626
1 15 20.283199
1 16 34.381227
1 17 22.588373
1 18 12.028615
1 19 12.052348
1 20 26.809510
1 21 12.537191
1 22 10.017416
1 23 11.546581
1 24 34.878557
1 25 15.873298
1 26 12.874843
1 27 11.672098
1 28 22.898859
1 29 14.763301
2 0 11.150781
2 1 12.308150
2 2 103.845073
2 3 7.068814
2 4 16.223686
2 5 9.393039
2 6 10.594639
2 7 9.085371
2 8 6.012597
2 9 21.907859
2 10 26.838304
2 11 19.631332
2 12 31.197129
2 13 29.320310
2 14 35.814711
2 15 35.833386
2 16 36.950922
2 17 29.103008
2 18 34.658669
2 19 24.766007
2 20 38.034856
2 21 37.867187
2 22 22.534670
2 23 13.629408
2 24 24.038295
2 25 21.505078
2 26 25.696729
2 27 20.758036
2 28 20.256294
2 29 13.756276
3 0 35.587507
3 1 37.085524
3 2 32.680764
3 3 102.109178
3 4 14.956086
3 5 13.655815
3 6 11.359530
3 7 16.593897
3 8 17.573067
3 9 31.609695
3 10 7.728671
3 11 12.244005
3 12 15.755927
3 13 10.741614
3 14 22.985024
3 15 36.635733
3 16 41.440963
3 17 30.183146
3 18 32.243743
3 19 35.578295
3 20 39.017446
3 21 34.865285
3 22 29.298434
3 23 12.468946
3 24 10.261616
3 25 15.148127
3 26 21.857340
3 27 16.167387
3 28 13.475728
3 29 11.922703
4 0 9.538741
4 1 17.820286
4 2 14.771235
4 3 31.168829
4 4 59.990813
4 5 9.217595
4 6 12.976345
4 7 15.797581
4 8 10.615506
4 9 33.464561
4 10 10.671555
4 11 14.992795
4 12 14.855856
4 13 15.014087
4 14 24.786105
4 15 30.951234
4 16 17.737492
4 17 13.250960
4 18 28.668951
4 19 7.354593
4 20 20.619451
4 21 9.438192
4 22 16.450889
4 23 9.696212
4 24 14.392267
4 25 13.842872
4 26 11.484829
4 27 15.268450
4 28 15.887060
4 29 12.799903
5 0 10.618786
5 1 19.793901
5 2 9.525189
5 3 14.649998
5 4 11.093180
5 5 26.134047
5 6 7.099303
5 7 6.754255
5 8 20.616358
5 9 9.079069
5 10 11.076194
5 11 29.764798
5 12 14.064567
5 13 15.404501
5 14 13.812266
5 15 34.129365
5 16 28.003047
5 17 12.069282
5 18 17.179869
5 19 36.340284
5 20 11.817623
5 21 12.099565
5 22 35.354072
5 23 16.176901
5 24 16.494324
5 25 17.396235
5 26 33.595442
5 27 24.433592
5 28 30.654389
5 29 21.758720
6 0 10.474332
6 1 14.037274
6 2 11.053034
6 3 14.762508
6 4 22.126532
6 5 15.941420
6 6 104.995381
6 7 33.525784
6 8 30.077460
6 9 26.930333
6 10 16.787462
6 11 24.837617
6 12 13.221641
6 13 12.923875
6 14 21.923585
6 15 15.165678
6 16 40.222111
6 17 19.376703
6 18 26.433110
6 19 17.246700
6 20 23.831967
6 21 34.825530
6 22 19.226265
6 23 12.747074
6 24 13.537449
6 25 22.593943
6 26 29.751911
6 27 29.314056
6 28 25.077813
6 29 21.859078
7 0 11.526246
7 1 16.656239
7 2 12.715233
7 3 18.838867
7 4 22.306087
7 5 23.308565
7 6 31.371594
7 7 102.528126
7 8 15.810302
7 9 26.079498
7 10 6.308301
7 11 24.916417
7 12 23.708634
7 13 12.917195
7 14 20.084605
7 15 27.878084
7 16 38.262515
7 17 30.222969
7 18 12.449181
7 19 32.514538
7 20 12.447489
7 21 21.181930
7 22 30.892100
7 23 18.608036
7 24 13.023686
7 25 32.145703
7 26 11.602630
7 27 26.134047
7 28 27.084236
7 29 25.863559
8 0 10.530107
8 1 25.620086
8 2 11.778126
8 3 33.710805
8 4 33.760490
8 5 24.120560
8 6 40.716621
8 7 12.540050
8 8 57.578112
8 9 16.291958
8 10 8.143565
8 11 14.427772
8 12 11.272880
8 13 13.182960
8 14 16.256308
8 15 13.460551
8 16 28.731881
8 17 11.940830
8 18 7.087039
8 19 9.606077
8 20 29.956180
8 21 10.023626
8 22 32.833004
8 23 10.702301
8 24 13.520802
8 25 7.051768
8 26 16.225601
8 27 17.855012
8 28 15.334890
8 29 14.323272
9 0 11.712383
9 1 13.997245
9 2 12.346295
9 3 24.118444
9 4 18.944032
9 5 18.306887
9 6 19.284265
9 7 28.490662
9 8 21.564125
9 9 76.439907
9 10 18.837576
9 11 19.796752
9 12 15.957152
9 13 14.110051
9 14 19.188685
9 15 22.809552
9 16 33.006473
9 17 26.141503
9 18 10.090595
9 19 31.519081
9 20 26.471293
9 21 16.582885
9 22 30.252906
9 23 23.803075
9 24 21.606501
9 25 29.816456
9 26 18.728480
9 27 29.364161
9 28 20.574694
9 29 25.016191
10 0 17.392933
10 1 15.712696
10 2 13.627381
10 3 16.907240
10 4 16.147442
10 5 21.397938
10 6 15.553551
10 7 15.331469
10 8 24.628430
10 9 32.391929
10 10 86.630289
10 11 10.263532
10 12 13.655815
10 13 13.384521
10 14 35.069904
10 15 32.876200
10 16 26.885554
10 17 30.252906
10 18 29.471203
10 19 32.014664
10 20 32.296781
10 21 31.439770
10 22 30.781401
10 23 25.093839
10 24 34.040608
10 25 23.673922
10 26 31.400264
10 27 33.189798
10 28 27.847017
10 29 32.437799
11 0 9.422985
11 1 13.653102
11 2 13.400181
11 3 9.406862
11 4 14.192374
11 5 20.140527
11 6 17.611347
11 7 12.431727
11 8 19.188685
11 9 30.126908
11 10 12.145005
11 11 119.046300
11 12 12.923875
11 13 16.391050
11 14 12.670688
11 15 17.929548
11 16 36.369133
11 17 11.985084
11 18 15.014907
11 19 12.240733
11 20 27.264224
11 21 23.141767
11 22 28.529103
11 23 22.248313
11 24 7.469508
11 25 23.580502
11 26 13.500880
11 27 13.874314
11 28 31.921717
11 29 15.629607
12 0 9.679822
12 1 11.778126
12 2 17.254278
12 3 21.633709
12 4 17.449242
12 5 30.664648
12 6 14.215127
12 7 12.692921
12 8 15.256586
12 9 26.223803
12 10 25.098421
12 11 32.576192
12 12 103.610217
12 13 25.290083
12 14 23.659658
12 15 22.020180
12 16 36.528626
12 17 26.861908
12 18 22.228522
12 19 24.954871
12 20 22.212356
12 21 14.883205
12 22 23.233700
12 23 11.562123
12 24 30.329682
12 25 11.967343
12 26 11.923220
12 27 11.420412
12 28 10.469944
12 29 11.392486
13 0 35.791394
13 1 21.700316
13 2 12.667768
13 3 9.186789
13 4 17.004510
13 5 34.554105
13 6 27.318417
13 7 10.228396
13 8 23.960766
13 9 15.289682
13 10 10.983254
13 11 15.262516
13 12 26.707919
13 13 109.513110
13 14 14.862282
13 15 34.428596
13 16 35.285996
13 17 22.172938
13 18 21.402936
13 19 32.560757
13 20 12.780263
13 21 11.756968
13 22 29.417584
13 23 10.825374
13 24 13.339055
13 25 12.364066
13 26 11.843591
13 27 29.158577
13 28 23.069904
13 29 13.577570
14 0 16.030670
14 1 20.723606
14 2 15.442579
14 3 21.483228
14 4 24.692590
14 5 20.566996
14 6 15.128951
14 7 10.356337
14 8 21.126578
14 9 15.702822
14 10 26.983205
14 11 17.225085
14 12 13.913642
14 13 15.617176
14 14 74.111056
14 15 27.315702
14 16 44.249502
14 17 34.821118
14 18 33.889521
14 19 25.839247
14 20 38.704296
14 21 32.096906
14 22 33.985894
14 23 27.740227
14 24 21.876475
14 25 13.393651
14 26 14.490901
14 27 32.495319
14 28 22.495941
14 29 32.175806
15 0 20.263760
15 1 16.421406
15 2 18.350885
15 3 17.637338
15 4 30.319646
15 5 15.154808
15 6 30.470891
15 7 20.256294
15 8 20.594733
15 9 13.734968
15 10 14.324765
15 11 13.450013
15 12 19.624324
15 13 13.265028
15 14 35.168617
15 15 56.629153
15 16 23.700458
15 17 27.140394
15 18 38.150993
15 19 30.226293
15 20 29.550409
15 21 24.450979
15 22 19.799604
15 23 24.997991
15 24 32.618714
15 25 33.550336
15 26 13.421773
15 27 10.463567
15 28 24.167215
15 29 27.020339
16 0 12.097435
16 1 31.204212
16 2 12.071403
16 3 17.459217
16 4 18.119836
16 5 22.190838
16 6 29.690852
16 7 32.070693
16 8 35.527712
16 9 13.794244
16 10 20.307174
16 11 32.007209
16 12 23.112579
16 13 12.157898
16 14 40.674446
16 15 21.862555
16 16 66.620918
16 17 18.942727
16 18 23.627119
16 19 17.765004
16 20 29.678029
16 21 33.097882
16 22 34.210069
16 23 12.790968
16 24 37.322187
16 25 32.430145
16 26 33.105854
16 27 31.671610
16 28 30.316302
16 29 29.719743
17 0 15.470391
17 1 26.402642
17 2 14.556898
17 3 17.169138
17 4 17.857332
17 5 19.080793
17 6 15.686692
17 7 27.329281
17 8 14.326258
17 9 17.649795
17 10 24.595375
17 11 15.192500
17 12 14.675026
17 13 16.460741
17 14 22.675953
17 15 35.633641
17 16 19.722889
17 17 63.584989
17 18 26.780778
17 19 25.269159
17 20 29.547233
17 21 34.536739
17 22 32.145703
17 23 32.033319
17 24 20.659745
17 25 34.976194
17 26 16.318071
17 27 10.642220
17 28 13.638876
17 29 31.821939
18 0 21.411272
18 1 30.084044
18 2 18.257034
18 3 16.272668
18 4 28.606297
18 5 21.810514
18 6 25.121359
18 7 30.829734
18 8 20.400617
18 9 29.029244
18 10 30.396761
18 11 29.483847
18 12 16.596903
18 13 18.269168
18 14 35.016294
18 15 24.520777
18 16 22.906492
18 17 16.862641
18 18 100.101204
18 19 34.463128
18 20 10.816429
18 21 21.751832
18 22 19.991121
18 23 14.560754
18 24 33.628322
18 25 26.067132
18 26 16.444000
18 27 25.880605
18 28 31.770447
18 29 34.852023
19 0 15.747803
19 1 22.486740
19 2 17.553989
19 3 20.786291
19 4 16.316134
19 5 19.439739
19 6 21.548911
19 7 20.909623
19 8 20.661298
19 9 26.679405
19 10 30.005229
19 11 17.857332
19 12 15.980345
19 13 13.908714
19 14 33.419806
19 15 31.884689
19 16 17.760413
19 17 28.201283
19 18 33.727351
19 19 60.319927
19 20 27.931908
19 21 29.143120
19 22 26.448370
19 23 15.671488
19 24 34.515056
19 25 31.144109
19 26 22.590229
19 27 26.573657
19 28 24.612993
19 29 23.459751
20 0 18.138967
20 1 22.805767
20 2 18.586646
20 3 22.096295
20 4 28.816218
20 5 17.190613
20 6 19.589361
20 7 20.690847
20 8 15.545634
20 9 22.099848
20 10 32.793833
20 11 23.259258
20 12 14.893688
20 13 10.725687
20 14 25.125951
20 15 31.899490
20 16 37.971806
20 17 27.438402
20 18 34.295434
20 19 18.921863
20 20 45.381857
20 21 27.912054
20 22 39.100698
20 23 28.701880
20 24 31.689867
20 25 31.371594
20 26 33.723213
20 27 33.274169
20 28 30.613421
20 29 36.718930
21 0 16.266890
21 1 21.767335
21 2 18.370508
21 3 22.870281
21 4 19.641151
21 5 15.026398
21 6 24.719236
21 7 18.479187
21 8 14.714304
21 9 18.810505
21 10 29.118422
21 11 24.182098
21 12 20.317681
21 13 14.478689
21 14 33.648905
21 15 35.128167
21 16 35.150627
21 17 25.691925
21 18 35.777419
21 19 37.966562
21 20 39.251450
21 21 61.881564
21 22 23.684121
21 23 14.741924
21 24 13.363698
21 25 14.093412
21 26 23.528024
21 27 30.143427
21 28 32.778191
21 29 22.758562
22 0 16.903081
22 1 15.812121
22 2 15.538604
22 3 15.205106
22 4 23.087343
22 5 20.855683
22 6 21.883441
22 7 22.773646
22 8 22.376905
22 9 17.951796
22 10 28.659984
22 11 17.069981
22 12 14.759338
22 13 9.921599
22 14 19.098027
22 15 28.813198
22 16 15.775821
22 17 29.569482
22 18 29.292190
22 19 31.700831
22 20 25.711150
22 21 40.011340
22 22 59.024674
22 23 14.462691
22 24 30.126908
22 25 24.920934
22 26 18.087643
22 27 34.364034
22 28 24.148107
22 29 33.330654
23 0 26.124112
23 1 16.126601
23 2 21.700316
23 3 22.228522
23 4 14.477926
23 5 22.707799
23 6 18.321529
23 7 15.114808
23 8 14.617278
23 9 29.604513
23 10 29.474363
23 11 14.419446
23 12 13.986562
23 13 13.532784
23 14 29.907290
23 15 33.149772
23 16 20.230949
23 17 30.051154
23 18 32.844773
23 19 28.713873
23 20 32.935287
23 21 31.807210
23 22 18.820808
23 23 83.651219
23 24 18.138967
23 25 36.311480
23 26 28.952803
23 27 31.533544
23 28 26.109224
23 29 33.245997
24 0 19.572622
24 1 24.657150
24 2 15.527194
24 3 27.124325
24 4 17.066802
24 5 18.086453
24 6 24.674857
24 7 15.512297
24 8 17.242373
24 9 27.145754
24 10 25.778665
24 11 20.219044
24 12 21.354716
24 13 16.264965
24 14 24.723683
24 15 34.610666
24 16 13.191185
24 17 26.983205
24 18 32.696313
24 19 28.564679
24 20 32.719665
24 21 30.569162
24 22 27.025652
24 23 19.375337
24 24 72.796056
24 25 22.400612
24 26 19.539231
24 27 0.319636
24 28 28.861603
24 29 21.011918
25 0 10.225732
25 1 19.470032
25 2 16.593897
25 3 32.029586
25 4 15.708207
25 5 15.682217
25 6 24.250367
25 7 16.066275
25 8 15.363174
25 9 31.411028
25 10 16.112421
25 11 17.172356
25 12 18.162938
25 13 14.459648
25 14 26.599372
25 15 22.653528
25 16 19.371241
25 17 31.154699
25 18 33.109842
25 19 23.768085
25 20 33.781235
25 21 37.085524
25 22 32.966887
25 23 22.858870
25 24 20.530130
25 25 10.051483
25 26 21.911352
25 27 19.111305
25 28 3.701511
25 29 28.668951
26 0 27.889398
26 1 15.808483
26 2 13.372150
26 3 23.040897
26 4 19.492122
26 5 17.020304
26 6 18.427157
26 7 29.273473
26 8 14.552274
26 9 24.770470
26 10 26.453460
26 11 12.628775
26 12 13.167804
26 13 13.491602
26 14 14.141992
26 15 31.472167
26 16 22.327829
26 17 31.562511
26 18 34.532400
26 19 20.772153
26 20 22.481222
26 21 33.990096
26 22 30.726348
26 23 37.185864
26 24 13.782486
26 25 32.789921
26 26 64.631532
26 27 36.398028
26 28 29.236110
26 29 30.905994
27 0 18.602999
27 1 19.798178
27 2 15.715391
27 3 16.997150
27 4 16.190241
27 5 24.650516
27 6 19.084768
27 7 16.239980
27 8 32.786010
27 9 29.214359
27 10 25.890356
27 11 16.834757
27 12 22.429858
27 13 15.544755
27 14 33.876991
27 15 25.579556
27 16 14.678944
27 17 32.145703
27 18 22.834184
27 19 14.704071
27 20 21.513494
27 21 25.612925
27 22 32.093159
27 23 20.906443
27 24 28.876763
27 25 31.278779
27 26 19.980948
27 27 57.266231
27 28 25.213530
27 29 12.869418
28 0 16.450889
28 1 16.920770
28 2 28.425844
28 3 17.101842
28 4 16.683534
28 5 21.396272
28 6 15.916497
28 7 16.025063
28 8 16.111477
28 9 27.997342
28 10 28.597369
28 11 24.273923
28 12 19.470032
28 13 16.413561
28 14 26.134047
28 15 23.946154
28 16 15.572937
28 17 30.750409
28 18 16.075671
28 19 26.765132
28 20 25.364760
28 21 22.320577
28 22 24.808475
28 23 16.112421
28 24 19.167276
28 25 14.516921
28 26 11.316039
28 27 19.625725
28 28 72.757519
28 29 32.437799
29 0 9.029561
29 1 18.667430
29 2 18.862136
29 3 24.619607
29 4 15.205106
29 5 18.545264
29 6 13.794244
29 7 8.602839
29 8 16.112421
29 9 28.054491
29 10 31.657020
29 11 15.578232
29 12 17.143439
29 13 17.469203
29 14 23.326367
29 15 25.456372
29 16 23.696371
29 17 31.479376
29 18 22.393312
29 19 21.674650
29 20 7.501922
29 21 30.592978
29 22 31.918011
29 23 21.409604
29 24 13.581595
29 25 23.292764
29 26 19.604729
29 27 26.478943
29 28 30.784848
29 29 73.872052
