0 0 46.841547
0 1 55.585634
0 2 36.077359
0 3 51.477673
0 4 33.444203
0 5 36.060794
0 6 59.247313
0 7 56.689007
0 8 46.722119
0 9 29.873569
0 10 71.447893
0 11 45.591675
0 12 76.439907
0 13 22.821861
0 14 71.433968
0 15 27.493289
0 16 64.822051
0 17 68.018041
0 18 69.983555
0 19 32.399087
0 20 79.854138
0 21 92.209965
0 22 65.084892
0 23 26.379521
0 24 46.224187
0 25 59.587667
0 26 84.176361
0 27 46.668575
0 28 34.736960
0 29 70.434107
1 0 47.269475
1 1 594.330610
1 2 61.605918
1 3 32.433493
1 4 58.988258
1 5 26.227869
1 6 56.323112
1 7 58.599991
1 8 30.907297
1 9 41.337355
1 10 55.354762
1 11 39.175929
1 12 42.902748
1 13 58.297056
1 14 36.969558
1 15 26.948814
1 16 29.346135
1 17 49.392944
1 18 25.199084
1 19 48.356751
1 20 47.547477
1 21 36.910607
1 22 54.670792
1 23 57.774769
1 24 18.901208
1 25 28.052344
1 26 58.497107
1 27 45.185100
1 28 65.464656
1 29 46.059595
2 0 46.986672
2 1 33.756862
2 2 641.301620
2 3 36.297695
2 4 61.221728
2 5 32.457429
2 6 49.935810
2 7 38.368664
2 8 23.264671
2 9 62.662732
2 10 67.747720
2 11 56.151965
2 12 47.627802
2 13 72.868423
2 14 75.583394
2 15 84.140932
2 16 81.303777
2 17 50.595294
2 18 60.671079
2 19 62.568237
2 20 50.665236
2 21 83.337373
2 22 40.672942
2 23 41.631610
2 24 75.039183
2 25 69.043116
2 26 75.108384
2 27 63.977169
2 28 66.778720
2 29 44.232591
3 0 93.476015
3 1 55.730733
3 2 35.909456
3 3 521.589956
3 4 72.916747
3 5 34.125128
3 6 35.160182
3 7 71.571139
3 8 50.826841
3 9 45.591675
3 10 20.591069
3 11 40.445526
3 12 52.669954
3 13 36.152686
3 14 32.100186
3 15 64.308327
3 16 90.386915
3 17 62.173747
3 18 85.668443
3 19 71.594441
3 20 86.558680
3 21 71.522255
3 22 86.736215
3 23 36.748997
3 24 54.131136
3 25 25.654160
3 26 57.040446
3 27 59.860171
3 28 55.139622
3 29 53.076760
4 0 43.591628
4 1 56.343315
4 2 67.799940
4 3 72.241237
4 4 608.810425
4 5 44.102187
4 6 46.807647
4 7 69.651060
4 8 38.852001
4 9 47.948699
4 10 38.976644
4 11 29.567494
4 12 43.149408
4 13 41.419888
4 14 66.082377
4 15 32.222482
4 16 90.868730
4 17 84.590831
4 18 44.223695
4 19 52.180036
4 20 67.520979
4 21 82.888174
4 22 53.427519
4 23 54.389534
4 24 51.954431
4 25 34.915107
4 26 54.651770
4 27 51.286780
4 28 27.692019
4 29 66.353558
5 0 52.151574
5 1 53.131904
5 2 16.287734
5 3 30.155000
5 4 27.597837
5 5 213.269640
5 6 27.511175
5 7 41.698712
5 8 69.602559
5 9 36.484384
5 10 37.494003
5 11 49.889361
5 12 25.259000
5 13 45.101693
5 14 37.392631
5 15 41.727988
5 16 55.560354
5 17 55.966183
5 18 30.262482
5 19 39.514533
5 20 33.381757
5 21 26.123491
5 22 32.776236
5 23 89.094209
5 24 68.988965
5 25 47.939292
5 26 44.037714
5 27 61.747768
5 28 60.702900
5 29 48.182985
6 0 34.497188
6 1 42.044726
6 2 35.263928
6 3 36.048380
6 4 48.154497
6 5 49.380743
6 6 674.340158
6 7 44.125196
6 8 74.308899
6 9 39.115304
6 10 42.042314
6 11 44.925702
6 12 36.561421
6 13 42.340206
6 14 40.763416
6 15 46.822597
6 16 55.767480
6 17 48.272891
6 18 36.738560
6 19 35.547813
6 20 42.770904
6 21 46.660653
6 22 43.361266
6 23 48.921541
6 24 28.999766
6 25 62.662732
6 26 70.436363
6 27 68.904658
6 28 56.856097
6 29 46.440904
7 0 45.159118
7 1 42.978213
7 2 28.307287
7 3 44.356609
7 4 39.429511
7 5 53.675297
7 6 46.026817
7 7 610.500626
7 8 33.182286
7 9 43.680815
7 10 38.180138
7 11 52.876389
7 12 35.163555
7 13 44.181047
7 14 38.832790
7 15 40.533497
7 16 46.702274
7 17 72.996623
7 18 54.559565
7 19 50.963481
7 20 69.881253
7 21 36.747769
7 22 39.531581
7 23 24.692590
7 24 58.119866
7 25 61.151926
7 26 64.208808
7 27 55.477654
7 28 36.501340
7 29 29.506397
8 0 29.393598
8 1 46.118520
8 2 78.151370
8 3 58.483106
8 4 53.392494
8 5 62.100004
8 6 48.950944
8 7 51.594830
8 8 288.207504
8 9 32.176276
8 10 42.130111
8 11 36.353501
8 12 40.322416
8 13 63.712104
8 14 46.536235
8 15 35.593268
8 16 52.291709
8 17 35.575417
8 18 52.555405
8 19 38.217961
8 20 53.331634
8 21 55.100936
8 22 52.790072
8 23 26.551518
8 24 48.513573
8 25 70.991195
8 26 46.586515
8 27 56.981324
8 28 51.469239
8 29 27.931908
9 0 51.528336
9 1 47.906916
9 2 62.978585
9 3 80.303216
9 4 53.846158
9 5 53.757964
9 6 49.357468
9 7 45.617211
9 8 58.844615
9 9 452.567042
9 10 79.484684
9 11 65.268410
9 12 53.005116
9 13 46.376263
9 14 46.035489
9 15 71.306568
9 16 85.869158
9 17 69.717306
9 18 43.967275
9 19 73.819976
9 20 60.130247
9 21 87.024546
9 22 82.181899
9 23 62.634175
9 24 65.660125
9 25 80.209486
9 26 82.277220
9 27 31.014530
9 28 39.213653
9 29 58.029377
10 0 74.926684
10 1 74.908818
10 2 75.249744
10 3 45.208323
10 4 49.993708
10 5 36.230715
10 6 48.408912
10 7 32.816834
10 8 45.924926
10 9 69.426762
10 10 532.064664
10 11 47.811090
10 12 52.147863
10 13 57.629416
10 14 61.611096
10 15 63.573959
10 16 59.332036
10 17 56.414142
10 18 77.180375
10 19 71.454858
10 20 66.760474
10 21 52.996174
10 22 54.887761
10 23 54.852164
10 24 79.877343
10 25 62.472252
10 26 67.552092
10 27 83.855371
10 28 66.538269
10 29 62.240617
11 0 38.449168
11 1 58.733027
11 2 44.841420
11 3 52.690146
11 4 44.086272
11 5 55.933442
11 6 61.129827
11 7 31.629245
11 8 59.611897
11 9 69.352317
11 10 44.595888
11 11 594.330610
11 12 50.257645
11 13 47.826687
11 14 44.576000
11 15 39.335705
11 16 43.457240
11 17 42.033475
11 18 32.590676
11 19 32.034252
11 20 54.657203
11 21 49.785448
11 22 41.076366
11 23 85.922840
11 24 40.816379
11 25 45.773886
11 26 48.612239
11 27 67.203204
11 28 51.519885
11 29 44.470530
12 0 71.485055
12 1 52.028185
12 2 54.148464
12 3 37.721036
12 4 22.893853
12 5 32.072096
12 6 30.159963
12 7 48.612239
12 8 44.543495
12 9 64.684765
12 10 55.414743
12 11 33.185290
12 12 690.648007
12 13 87.048660
12 14 57.591684
12 15 43.469267
12 16 47.880838
12 17 45.364069
12 18 53.171730
12 19 34.030072
12 20 43.362976
12 21 55.102317
12 22 72.714214
12 23 42.072076
12 24 54.248649
12 25 48.948765
12 26 39.223446
12 27 32.902271
12 28 38.659387
12 29 33.912517
13 0 69.690792
13 1 53.083167
13 2 62.728870
13 3 44.701046
13 4 46.839551
13 5 29.276590
13 6 35.999988
13 7 39.091662
13 8 40.568642
13 9 43.180757
13 10 41.445649
13 11 47.858955
13 12 43.215550
13 13 377.514722
13 14 53.782945
13 15 89.108650
13 16 66.259589
13 17 45.361262
13 18 43.200268
13 19 37.816393
13 20 35.929404
13 21 45.268816
13 22 43.249548
13 23 31.176784
13 24 53.910842
13 25 57.697459
13 26 56.586893
13 27 40.039024
13 28 44.397804
13 29 37.783905
14 0 58.520458
14 1 65.382905
14 2 53.896308
14 3 46.642838
14 4 41.818451
14 5 57.297565
14 6 49.735904
14 7 51.154351
14 8 32.750365
14 9 46.506710
14 10 43.008474
14 11 36.927963
14 12 43.652201
14 13 32.643894
14 14 371.456631
14 15 60.414387
14 16 81.439273
14 17 44.450754
14 18 71.627089
14 19 73.374149
14 20 58.116794
14 21 55.917796
14 22 40.755861
14 23 31.218831
14 24 59.024674
14 25 49.990299
14 26 66.064509
14 27 58.047759
14 28 60.723015
14 29 54.669433
15 0 27.835033
15 1 46.404644
15 2 52.446356
15 3 38.168210
15 4 37.543292
15 5 40.576877
15 6 38.943511
15 7 43.056473
15 8 42.086569
15 9 47.138762
15 10 59.650705
15 11 66.171860
15 12 46.291328
15 13 35.141078
15 14 73.440312
15 15 393.103907
15 16 72.481732
15 17 63.910232
15 18 73.531173
15 19 59.487725
15 20 59.311232
15 21 58.185994
15 22 46.789720
15 23 55.379854
15 24 61.447544
15 25 62.813084
15 26 47.200482
15 27 69.332637
15 28 56.630611
15 29 65.206478
16 0 67.409210
16 1 40.495429
16 2 54.376085
16 3 41.355235
16 4 37.622941
16 5 56.160569
16 6 58.232218
16 7 51.623900
16 8 64.808678
16 9 33.844665
16 10 52.696460
16 11 59.495773
16 12 56.519990
16 13 54.890501
16 14 84.418721
16 15 77.860824
16 16 514.511758
16 17 35.117508
16 18 70.531248
16 19 59.388119
16 20 71.168104
16 21 63.854558
16 22 68.328722
16 23 49.169851
16 24 50.956396
16 25 63.126834
16 26 63.734262
16 27 42.305994
16 28 48.843305
16 29 47.587606
17 0 38.529335
17 1 51.004854
17 2 29.708903
17 3 57.872079
17 4 38.806064
17 5 53.340689
17 6 60.197735
17 7 52.705301
17 8 51.367046
17 9 31.351020
17 10 56.864918
17 11 48.162934
17 12 31.802150
17 13 42.892706
17 14 79.784604
17 15 77.668324
17 16 89.322201
17 17 296.204641
17 18 64.143256
17 19 44.465135
17 20 42.843401
17 21 50.303632
17 22 66.786833
17 23 31.326456
17 24 49.957364
17 25 60.550796
17 26 40.894562
17 27 48.033535
17 28 36.192552
17 29 41.401172
18 0 46.510644
18 1 44.047417
18 2 33.181785
18 3 65.036770
18 4 60.560801
18 5 56.008946
18 6 46.581581
18 7 48.921541
18 8 49.657286
18 9 31.372489
18 10 45.302389
18 11 64.176952
18 12 30.967361
18 13 47.222781
18 14 61.226842
18 15 71.429327
18 16 77.745210
18 17 77.987845
18 18 242.343317
18 19 63.531715
18 20 52.120672
18 21 53.818484
18 22 59.142146
18 23 54.846692
18 24 64.627733
18 25 67.816667
18 26 54.355924
18 27 59.300037
18 28 63.319510
18 29 64.411929
19 0 50.151050
19 1 58.122939
19 2 35.621519
19 3 56.962136
19 4 58.573456
19 5 62.021188
19 6 39.642755
19 7 46.003708
19 8 60.097381
19 9 49.669624
19 10 55.142387
19 11 54.700710
19 12 38.282498
19 13 41.059493
19 14 66.321539
19 15 64.726651
19 16 63.137709
19 17 41.177897
19 18 43.367252
19 19 405.723848
19 20 78.829340
19 21 82.660725
19 22 70.130860
19 23 51.912730
19 24 58.508002
19 25 59.252102
19 26 67.651846
19 27 63.786026
19 28 61.123030
19 29 60.048149
20 0 42.302739
20 1 53.303194
20 2 42.342651
20 3 49.537592
20 4 68.055931
20 5 47.619551
20 6 56.366423
20 7 36.568717
20 8 56.031780
20 9 56.772429
20 10 42.769240
20 11 38.024334
20 12 36.451726
20 13 45.324799
20 14 54.651770
20 15 60.477524
20 16 53.335514
20 17 60.379551
20 18 31.908748
20 19 74.738241
20 20 343.758520
20 21 69.464044
20 22 83.353167
20 23 59.961369
20 24 66.639088
20 25 65.196812
20 26 63.284887
20 27 62.096497
20 28 61.377226
20 29 70.427340
21 0 33.956505
21 1 38.182127
21 2 48.569292
21 3 58.272339
21 4 30.134339
21 5 38.609837
21 6 42.719389
21 7 36.608288
21 8 60.918147
21 9 48.811863
21 10 26.691710
21 11 35.178743
21 12 35.248101
21 13 55.146536
21 14 64.671448
21 15 51.209149
21 16 47.303030
21 17 36.329477
21 18 33.127798
21 19 45.420288
21 20 80.186087
21 21 424.030709
21 22 83.473400
21 23 56.588349
21 24 58.554740
21 25 63.328627
21 26 69.382951
21 27 61.254130
21 28 61.375513
21 29 50.350855
22 0 60.604196
22 1 58.841466
22 2 52.129320
22 3 51.196034
22 4 57.727752
22 5 51.394659
22 6 55.742034
22 7 42.846740
22 8 36.127146
22 9 31.812271
22 10 28.716498
22 11 55.834030
22 12 31.556623
22 13 49.239213
22 14 65.090672
22 15 33.009446
22 16 58.445801
22 17 62.618123
22 18 60.376236
22 19 64.529117
22 20 85.889281
22 21 76.339070
22 22 377.839047
22 23 63.352345
22 24 50.494219
22 25 65.589622
22 26 55.505660
22 27 59.845510
22 28 64.521544
22 29 64.703797
23 0 57.263248
23 1 50.393548
23 2 44.355714
23 3 62.115792
23 4 51.688211
23 5 60.507478
23 6 50.796315
23 7 49.089724
23 8 49.997118
23 9 60.534128
23 10 51.724685
23 11 61.090767
23 12 48.025143
23 13 41.586733
23 14 65.521222
23 15 55.071957
23 16 68.902499
23 17 64.587871
23 18 39.240244
23 19 55.770308
23 20 69.560727
23 21 69.576133
23 22 44.095997
23 23 490.743864
23 24 74.379275
23 25 71.924618
23 26 74.359154
23 27 76.629029
23 28 59.089702
23 29 56.271226
24 0 46.980649
24 1 54.085869
24 2 62.759304
24 3 59.791812
24 4 42.271837
24 5 46.088556
24 6 57.706544
24 7 52.768537
24 8 52.691409
24 9 62.802321
24 10 49.372982
24 11 53.401570
24 12 52.829388
24 13 49.918806
24 14 70.316991
24 15 68.507532
24 16 61.780729
24 17 47.857913
24 18 71.320444
24 19 64.705701
24 20 72.721428
24 21 70.984320
24 22 66.263583
24 23 67.084297
24 24 446.592863
24 25 45.006616
24 26 64.225686
24 27 72.839459
24 28 56.667094
24 29 65.280035
25 0 54.569042
25 1 52.166420
25 2 53.423625
25 3 44.766566
25 4 53.003839
25 5 57.796028
25 6 46.379197
25 7 50.946951
25 8 52.239536
25 9 56.129033
25 10 49.424027
25 11 57.456255
25 12 51.073561
25 13 44.493925
25 14 73.322772
25 15 53.197456
25 16 65.129228
25 17 49.080958
25 18 60.712956
25 19 71.673780
25 20 72.996623
25 21 79.987751
25 22 67.554167
25 23 68.963002
25 24 72.203285
25 25 9.756006
25 26 67.589465
25 27 71.934029
25 28 64.688570
25 29 60.622574
26 0 38.381388
26 1 50.077957
26 2 42.437440
26 3 63.423606
26 4 46.567770
26 5 62.270580
26 6 53.552426
26 7 33.018863
26 8 33.468127
26 9 55.170056
26 10 48.965114
26 11 45.720591
26 12 54.307598
26 13 45.819667
26 14 68.064357
26 15 59.686325
26 16 71.508300
26 17 63.616260
26 18 68.835637
26 19 64.451574
26 20 71.898750
26 21 72.733454
26 22 63.564771
26 23 77.142470
26 24 79.718081
26 25 70.159948
26 26 411.802108
26 27 67.762334
26 28 49.730280
26 29 59.869950
27 0 59.304834
27 1 65.474402
27 2 47.691844
27 3 48.805363
27 4 51.409077
27 5 51.016687
27 6 53.067794
27 7 45.134093
27 8 58.722048
27 9 64.368564
27 10 44.007750
27 11 61.473310
27 12 47.405002
27 13 51.533166
27 14 63.529880
27 15 55.521076
27 16 55.243512
27 17 54.310280
27 18 61.787672
27 19 55.578609
27 20 63.023709
27 21 67.190884
27 22 69.101695
27 23 64.055440
27 24 66.130071
27 25 76.530356
27 26 49.997118
27 27 370.580259
27 28 58.725184
27 29 67.197044
28 0 53.214192
28 1 67.614404
28 2 60.030117
28 3 54.349207
28 4 48.422770
28 5 50.552259
28 6 49.022968
28 7 52.736900
28 8 59.687945
28 9 60.761605
28 10 46.098217
28 11 60.955296
28 12 47.815248
28 13 46.944544
28 14 70.272050
28 15 70.970575
28 16 65.468554
28 17 59.175567
28 18 60.992491
28 19 60.679450
28 20 61.984476
28 21 61.087373
28 22 67.514760
28 23 42.755935
28 24 62.112283
28 25 31.244114
28 26 46.397790
28 27 60.569142
28 28 218.677730
28 29 48.628364
29 0 60.716308
29 1 54.187158
29 2 42.662203
29 3 44.422020
29 4 46.207675
29 5 50.060857
29 6 64.206933
29 7 61.836321
29 8 52.557917
29 9 48.585388
29 10 54.248649
29 11 52.490172
29 12 45.380920
29 13 43.377518
29 14 60.145048
29 15 51.490933
29 16 58.044695
29 17 28.491769
29 18 60.661037
29 19 65.728816
29 20 64.261346
29 21 68.633685
29 22 56.116142
29 23 27.411723
29 24 57.049324
29 25 52.495184
29 26 48.913923
29 27 38.990465
29 28 49.959634
29 29 317.090592
