0.110242 3.269960 3.381730
0.100206 3.371426 3.472938
0.069481 2.918825 2.989741
0.112751 3.034158 3.148178
0.073846 3.598635 3.674052
0.090126 3.087125 3.178142
0.086096 3.000336 3.087413
0.097506 3.159002 3.257488
0.057740 3.171372 3.230157
0.127740 2.646121 2.774778
0.081058 2.803957 2.885962
0.103370 3.308873 3.413217
0.068634 3.264529 3.334026
0.095092 3.054067 3.150055
0.101130 3.162416 3.264549
0.123107 3.006890 3.130876
0.092899 3.189580 3.283455
0.180140 3.295359 3.476384
0.124991 3.205887 3.331811
0.125189 3.364220 3.490373
0.138339 2.713385 2.852640
0.227984 3.239311 3.468379
0.204534 3.039368 3.245006
0.223554 3.085985 3.310425
0.085912 3.157508 3.244317
0.157957 3.004374 3.163146
0.180527 3.185756 3.367241
0.108780 2.911958 3.021642
0.239092 2.715639 2.955698
0.215232 2.839237 3.055599
0.165183 3.218751 3.384806
0.105247 3.545345 3.651538
0.094892 2.822161 2.917918
0.176988 3.110321 3.288367
0.188638 3.150428 3.339912
0.215918 2.680983 2.897869
0.146835 2.657363 2.805211
0.184783 3.271517 3.457202
0.166230 3.450857 3.617975
0.220008 3.646159 3.867104
0.177106 3.098899 3.277021
0.151961 3.563375 3.716454
0.252169 2.937897 3.190950
0.099220 3.031441 3.131827
0.208165 3.060593 3.269574
0.135982 3.377249 3.514372
0.142237 3.332015 3.475145
0.102578 3.419768 3.523323
0.107392 3.350385 3.458669
0.374141 3.022698 3.397683
0.155320 3.439053 3.595693
0.239295 3.131824 3.372351
0.149442 3.205222 3.355558
0.099431 2.968953 3.069623
0.223146 3.154782 3.379038
0.168060 3.563368 3.732598
0.209400 3.357108 3.567690
0.159922 3.855729 4.016506
0.150310 3.316951 3.468125
0.300926 3.945112 4.246925
0.143536 3.417505 3.561864
0.128888 3.093332 3.223396
0.163203 3.064549 3.229020
0.276259 3.419479 3.696940
0.189274 3.360310 3.550851
0.476249 3.556146 4.033592
0.457104 3.149977 3.608223
0.255959 3.129228 3.386064
0.235164 3.153170 3.389185
0.241233 3.552636 3.794770
0.222141 3.254700 3.477730
0.175675 3.748269 3.924759
0.193741 3.564713 3.759727
0.177549 3.217774 3.396784
0.430729 3.216783 3.648737
0.203196 2.651489 2.856015
0.312555 3.369102 3.682899
0.185166 2.945215 3.131806
0.210118 3.029433 3.240420
0.190342 3.248962 3.440117
