0.010864 1.385569 1.397360
0.003689 1.406987 1.411400
0.003657 1.268540 1.272935
0.003989 1.518037 1.522752
0.003522 1.427060 1.431354
0.004445 1.322009 1.327257
0.004767 1.376588 1.382082
0.003332 1.388841 1.392927
0.003565 1.371392 1.375662
0.005546 1.473588 1.479911
0.010586 1.649925 1.661270
0.008053 1.336848 1.345698
0.006461 1.493704 1.500921
0.008460 1.598349 1.607617
0.008392 1.468302 1.477430
0.009042 1.601772 1.611649
0.005400 1.536349 1.542523
0.013651 1.605682 1.620110
0.009322 1.402592 1.412635
0.008148 1.442413 1.451353
0.049692 1.740412 1.790973
0.056108 1.453292 1.510245
0.047989 1.508250 1.557121
0.062421 1.606280 1.669498
0.049145 1.403616 1.453587
0.060382 1.824783 1.886108
0.051195 1.451293 1.503428
0.057281 1.638639 1.696835
0.049357 1.738521 1.788775
0.045514 1.620892 1.667307
0.051691 1.621928 1.674581
0.062299 1.611086 1.674341
0.034842 1.755236 1.791094
0.044595 1.294854 1.340503
0.048445 1.580101 1.629538
0.038770 1.433625 1.473424
0.039098 1.577703 1.617912
0.041183 1.459511 1.501758
0.045139 1.573490 1.619729
0.054512 1.462952 1.518513
0.042465 1.528859 1.572414
0.046718 1.198872 1.246636
0.056167 1.354395 1.411614
0.049881 1.495744 1.546650
0.056080 1.405786 1.462852
0.047265 1.681573 1.729832
0.034291 1.497694 1.533028
0.039607 1.653602 1.694159
0.048566 1.558646 1.608246
0.043717 1.698146 1.742916
0.063381 1.498515 1.562878
0.035694 1.487829 1.524519
0.059307 1.512906 1.573217
0.050187 1.425715 1.476844
0.038971 1.232646 1.272580
0.053725 1.373634 1.428329
0.029450 1.542851 1.573366
0.025367 1.401978 1.428358
0.054211 1.546831 1.602014
0.044397 1.446392 1.491813
0.042437 1.634416 1.677869
0.032713 1.451605 1.485324
0.049430 1.391935 1.442390
0.029699 1.642789 1.673490
0.038613 1.650948 1.690561
0.028378 1.528714 1.558164
0.038633 1.447433 1.487088
0.029336 1.578377 1.608725
0.033951 1.650603 1.685592
0.034216 1.509453 1.544696
0.011860 1.319700 1.332762
0.048311 1.406074 1.455360
0.033665 1.527338 1.562019
0.029642 1.665064 1.695724
0.037038 1.755833 1.793933
0.012519 1.536098 1.549725
0.027825 1.665987 1.694797
0.014192 1.749841 1.765067
0.033639 1.737673 1.772276
0.023497 1.492451 1.516931
