1.453080 347.551395 349.255765
0.370090 386.957191 387.578727
0.354565 370.754298 371.360031
0.352017 357.766879 358.370763
0.368659 375.927240 376.547722
0.180659 157.025420 177.591836
0.180864 198.827257 242.543462
0.172807 160.465554 163.206739
0.190812 172.597278 185.373621
0.178558 210.624736 293.677740
0.125562 134.315947 175.585631
0.125052 140.995755 186.932964
0.138797 143.671159 189.455415
0.128922 139.555904 177.103270
0.146946 139.107783 196.630806
0.130514 107.504173 156.940902
0.132597 92.837747 101.626699
0.138783 98.257457 143.443608
0.111221 92.167900 132.004126
0.151804 110.037113 162.481827
0.318338 90.089576 138.401882
0.240695 86.863588 151.592503
0.242309 88.489822 128.563821
0.299459 131.735671 218.278272
0.246714 88.828159 121.979886
0.255368 66.855511 117.232887
0.201549 96.067294 163.312802
0.203875 76.066016 124.433376
0.247416 82.252453 135.900204
0.254215 72.480542 110.040904
0.219496 85.807012 160.170071
0.254996 84.430538 125.127146
0.263741 74.172027 128.252418
0.220017 79.794878 134.460388
0.230341 82.209702 117.465651
0.149057 55.033387 97.568668
0.199034 61.432056 98.724968
0.173298 78.222319 124.619473
0.204206 84.596428 155.492339
0.124717 73.640036 132.781285
0.167502 56.366076 93.503516
0.155038 61.763969 95.391444
0.155350 48.489071 90.639494
0.166775 53.332485 81.306737
0.111086 65.088356 119.258001
0.120143 59.181742 156.603242
0.125124 49.154825 100.505997
0.107597 56.488881 109.206197
0.135973 49.949044 109.210670
0.128132 57.756440 114.682455
0.117758 47.716565 107.253350
0.104219 68.035227 129.998676
0.106053 42.935255 117.176559
0.075840 46.576079 127.902992
0.132084 46.468344 104.256791
0.119438 42.390203 134.182655
0.082154 49.047426 139.818773
0.079879 35.685658 78.154334
0.094196 63.094960 144.319377
0.119296 41.424767 100.549640
0.088020 43.788078 104.869415
0.086335 42.276788 99.629791
0.084730 41.195047 92.461970
0.078709 42.664782 106.176699
0.084367 37.392756 107.065745
0.080985 49.205483 120.781392
0.078873 37.447718 101.144481
0.067932 34.662606 72.017259
0.090975 37.811468 65.856887
0.081774 39.513114 110.615027
0.075542 38.200262 70.701341
0.062243 43.284939 90.155926
0.068263 39.627533 93.888075
0.083864 33.416223 72.350864
0.070265 36.402211 67.965180
0.077635 33.016868 64.239148
0.077965 31.774195 65.719434
0.070217 37.788604 98.514168
0.073278 33.007173 63.179361
0.070524 31.089474 90.457577
