0.185332 23.843847 24.042039
0.082049 24.210219 24.304554
0.069331 26.171656 26.252985
0.072232 27.944160 28.029616
0.070451 23.666952 23.750593
0.061905 12.746234 14.985393
0.039135 12.996728 13.736778
0.050317 12.614230 15.637770
0.033919 13.693967 14.651471
0.032229 10.179176 11.839851
0.108555 7.559376 10.078550
0.049406 8.699928 11.816054
0.121218 7.907885 9.625171
0.084665 8.779161 10.350297
0.106705 8.591575 10.271831
0.061577 6.238978 7.383673
0.041153 6.162134 9.146036
0.029070 7.176509 10.025817
0.046067 7.200535 8.508391
0.069147 6.259096 8.527830
0.188197 5.457652 6.653867
0.142071 5.010821 7.536291
0.124898 5.081925 6.793693
0.192533 5.465666 7.873982
0.192766 5.401354 8.201933
0.151483 4.262030 5.359419
0.170530 4.834347 6.730378
0.175425 4.183168 5.414558
0.179384 4.491765 6.440887
0.137408 3.831255 6.470266
0.154654 3.525464 6.807691
0.106405 4.092645 5.625604
0.144311 3.720587 4.405856
0.129803 4.365195 6.477740
0.113333 3.886132 6.714650
0.084555 3.944753 6.592743
0.116810 3.295457 6.764755
0.084462 3.134721 6.570496
0.090755 2.888120 6.000465
0.072548 3.062891 6.473836
0.099007 2.829494 4.419037
0.120683 3.271128 4.827559
0.110459 2.989976 5.547532
0.155996 2.444541 3.216399
0.079381 2.815205 4.458687
0.065756 2.444347 4.333939
0.110560 2.497275 4.074652
0.089661 2.404306 3.152917
0.062984 2.626300 3.948148
0.075599 2.322429 3.126565
0.037315 2.151008 3.387917
0.060919 2.591737 4.284241
0.036978 2.591766 3.902896
0.071127 2.182701 3.284793
0.052870 2.586928 4.356728
0.036110 1.944985 3.189375
0.067786 1.841548 3.493756
0.043061 2.047198 3.283585
0.067096 1.935490 4.409722
0.041330 2.098093 4.094934
0.031845 1.887692 3.194928
0.029811 2.039038 3.474316
0.020832 2.503681 5.393817
0.047273 1.920591 3.334289
0.035031 1.956772 3.390379
0.047859 2.014994 3.408678
0.045007 1.676854 2.989444
0.030933 1.864653 3.304051
0.048170 2.096754 4.837787
0.059214 1.802344 3.662499
0.060896 1.712422 3.238817
0.026583 1.917354 3.348789
0.038024 1.641665 4.166867
0.039076 1.497454 3.591451
0.061355 1.579535 3.271197
0.016337 1.614911 3.334100
0.011395 1.641965 3.957450
0.038379 1.772414 3.193708
0.030627 1.691180 3.363554
0.034888 1.540149 3.439253
