0.175081 25.357050 408.766456
0.021271 24.658833 395.132128
0.020149 22.062649 353.575249
0.020400 22.993795 368.477702
0.019983 23.608506 378.306169
0.011445 13.993319 224.202160
0.012043 16.708374 267.641243
0.011687 13.672317 219.069829
0.011531 13.303618 213.165469
0.011350 10.842048 173.779953
0.009536 11.444808 183.372494
0.009918 9.795207 156.932418
0.009644 11.969498 191.764424
0.014661 9.543776 152.944554
0.013624 11.781098 188.748781
0.008321 9.680227 155.078894
0.007066 7.647462 122.524604
0.009596 8.353708 133.828259
0.009113 9.175486 147.013788
0.018076 9.842167 157.645705
0.024052 8.721252 139.853356
0.022827 10.467040 167.665215
0.023165 8.336679 133.708846
0.025940 7.284437 117.015901
0.025659 8.214963 131.632084
0.025010 8.819332 141.544475
0.016068 7.720786 123.835859
0.023645 9.496186 152.226572
0.023931 8.368306 134.216646
0.023282 7.516816 120.692237
0.026267 7.766807 124.757295
0.025563 8.092949 129.815896
0.014495 7.406496 118.801406
0.025789 8.361154 134.040907
0.016505 10.071155 161.454066
0.013441 4.811008 77.181668
0.018033 6.756339 108.384313
0.014768 8.306041 133.171810
0.016874 6.737964 107.988700
0.017054 6.329020 101.373664
0.011327 9.056437 145.084314
0.016006 5.999891 96.269158
0.016062 6.519979 104.580345
0.009893 8.671891 138.921716
0.017379 6.476085 103.952111
0.013677 5.039598 80.773138
0.019722 8.930510 143.079195
0.018926 6.698637 107.372969
0.015214 6.049006 97.092579
0.014009 6.774077 108.567675
0.018032 7.502647 120.170734
0.013966 7.023354 112.553631
0.013975 6.610598 105.940792
0.018474 4.856623 78.040917
0.016641 9.529533 152.598390
0.019935 7.179742 115.249053
0.017303 5.757428 92.444655
0.014902 8.746033 140.227247
0.014466 6.740203 107.966710
0.014371 9.149647 146.664337
0.015062 5.491176 88.010755
0.013471 6.975335 111.747655
0.006895 6.531680 104.660068
0.013638 5.571340 89.249167
0.016190 6.820666 109.279405
0.009376 4.572906 73.305437
0.007015 4.361481 69.937306
0.013159 3.591708 57.589641
0.007494 4.524862 72.539541
0.013413 4.194158 67.207133
0.009796 4.602325 73.727598
0.007166 3.972783 63.703501
0.007147 4.920133 78.835370
0.006915 6.692672 107.189525
0.007297 3.363101 53.940925
0.012986 6.190226 99.167818
0.008025 3.606608 57.825250
0.007388 4.405612 70.605742
0.006964 4.572500 73.288773
0.007495 6.170009 98.792164
