0.115672 24.412076 24.543471
0.023213 23.732891 23.771793
0.022204 26.441533 26.479453
0.022726 21.855423 21.893844
0.021747 20.311116 20.348595
0.022982 24.251856 24.290477
0.021690 24.700528 24.737923
0.021248 24.360822 24.397721
0.021030 21.549166 21.585816
0.021937 21.831236 21.868809
0.028269 29.683891 29.729077
0.026454 25.813839 25.857185
0.027492 27.319243 27.363312
0.025402 25.040814 25.082673
0.026016 25.733660 25.776123
0.026699 24.253501 24.297687
0.025270 25.736463 25.779200
0.030033 34.303284 34.351066
0.033533 25.448276 25.498774
0.030867 27.542066 27.589560
0.090465 29.998323 30.108121
0.080578 25.400635 25.500839
0.081571 25.374100 25.475287
0.097651 24.938111 25.055622
0.082734 26.683872 26.784495
0.081539 25.805946 25.913651
0.098923 34.462936 34.583661
0.097465 29.993425 30.110742
0.082018 29.902034 30.003720
0.095171 29.231404 29.347841
0.097329 30.128612 30.261506
0.095283 31.411660 31.542004
0.102372 29.743338 29.870190
0.093100 31.981325 32.106317
0.104957 36.723828 36.853390
0.107601 34.794974 34.926133
0.105290 37.067683 37.198680
0.095579 33.859301 33.990438
0.095960 27.855369 27.981149
0.113176 35.553263 35.693022
0.122604 34.030614 34.177799
0.098252 41.392205 41.518448
0.079982 33.899320 34.001596
0.089745 34.088575 34.211439
0.095410 30.221120 30.347813
0.101006 36.000140 36.126759
0.081013 35.551441 35.661880
0.090403 33.084499 33.205097
0.074350 32.256071 32.363641
0.086812 41.419154 41.535380
0.088622 29.443878 29.557394
0.071558 36.154521 36.251674
0.083674 32.544139 32.663974
0.090198 29.724546 29.840146
0.059231 31.979136 32.064282
0.088559 38.123429 38.234981
0.071605 31.810016 31.909243
0.076500 32.085775 32.197361
0.072483 35.591479 35.697984
0.080300 34.071317 34.179955
0.083737 33.169535 33.282152
0.076993 34.613712 34.720979
0.063243 37.405428 37.496428
0.076088 31.171296 31.274180
0.077949 29.082498 29.190741
0.070224 31.447551 31.552277
0.064102 38.279646 38.377005
0.068942 44.579422 44.680202
0.067233 33.426017 33.521621
0.075028 30.579319 30.681916
0.080194 33.657286 33.771527
0.065433 34.804294 34.908604
0.069737 36.938294 37.035708
0.066744 32.313157 32.417186
0.078309 33.437526 33.540874
0.077087 33.313098 33.423917
0.070911 34.130791 34.242619
0.077302 38.706563 38.812138
0.078273 35.126439 35.231849
0.067611 31.371901 31.473132
