409.280265
256.161585
439.102088
280.903745
436.135485
211.020408
358.305236
280.903745
438.672593
256.957214
436.314138
285.085819
409.732900
263.423245
410.958048
258.728256
384.340585
311.277264
454.586029
310.981903
443.149717
431.776396
451.192159
512.669932
441.136599
478.619118
244.827327
182.258336
424.585322
484.848655
422.695046
476.971501
463.298362
477.539516
443.738175
510.214212
435.355598
489.415606
434.766964
502.178455
684.318148
639.005267
735.856228
643.134844
722.550197
654.402098
802.638828
631.370654
819.406699
619.324990
824.660323
585.660586
821.450600
643.371565
804.039924
651.606042
775.554858
620.819636
805.046422
659.932631
1037.488238
923.321111
948.768397
237.009437
243.335104
752.894696
1041.053136
849.917039
1009.596477
958.695495
997.730997
893.416917
1058.897774
963.958807
969.200991
822.622773
240.988211
851.482899
1013.634698
778.844421
947.186474
855.610799
380.860632
174.054647
393.376685
367.831332
985.097339
241.846802
887.633798
835.099828
916.322810
372.853154
247.422940
845.209284
377.690155
372.843468
799.952133
800.440566
391.965569
237.696185
558.475234
57.149474
512.338571
445.413994
126.777384
47.110030
504.452706
269.590455
521.941389
436.492937
504.124423
380.241638
254.638271
55.761641
519.617972
356.446713
494.643009
352.159983
533.643231
316.691386
509.939415
207.204059
486.558184
596.985033
253.311685
203.223570
457.171260
654.898752
505.432633
598.095430
333.475462
207.046727
487.965247
542.346659
496.140618
189.259398
509.390708
587.113263
498.374963
172.594680
733.820478
217.622901
932.732957
709.775946
922.696240
704.167184
900.393878
312.761095
913.337990
673.048536
903.233221
306.873144
904.659619
610.571711
906.223026
750.519882
954.544093
107.696655
956.338500
252.156380
1020.508623
918.562269
531.940110
505.812347
1065.618097
238.217818
567.228982
832.818344
888.688256
1006.533130
969.849065
935.013369
1084.930684
997.070659
1068.486737
746.969250
1064.686089
965.942775
970.415114
873.813943
392.210535
396.356614
411.232297
239.578586
397.382760
505.538520
410.929559
356.047377
250.034279
805.648199
422.372258
387.526953
399.080425
330.358684
391.256643
883.053210
408.487496
241.563350
399.223282
222.701722
100.375945
31.744172
63.482196
14.151081
235.587921
29.256587
37.109912
15.301103
700.700199
131.935948
119.023021
57.592122
31.742044
22.285086
101.584530
46.958934
288.649271
28.491805
99.019419
19.546223
318.006218
112.891812
253.705753
75.264615
493.497140
172.206641
338.489334
67.010309
780.670632
764.954901
405.304119
138.492727
225.741007
128.054808
220.010202
121.557990
201.108419
127.629495
335.745276
97.732405
1127.629618
569.119651
676.374145
291.299941
335.127970
72.567068
406.287263
75.327739
813.025164
169.242986
239.170184
88.326660
676.750166
156.375525
256.677602
162.538348
368.208324
166.977061
1136.957886
830.973243
1592.099514
299.715631
1651.868468
465.297712
402.160484
146.777052
208.377695
165.861454
1678.158152
1078.430060
1593.355443
98.259439
227.327123
178.979876
481.297970
258.371559
1689.732446
1363.162681
1652.318902
680.078622
995.899890
346.167028
956.160767
633.298187
1495.236935
324.582556
921.455261
625.769096
1538.828570
599.003305
1470.220651
1331.465867
636.716381
275.679796
1352.657698
909.464681
1488.381232
510.397575
1246.016545
451.455853
