214.346465
151.031817
241.488146
165.935633
230.254571
147.387618
214.770737
135.474572
243.815777
148.786396
239.886468
114.459334
221.604246
173.650969
256.639400
162.643233
260.993075
163.261477
241.799707
166.458159
243.491812
277.560997
246.575185
277.001586
240.134454
268.313178
233.597360
250.139145
244.956474
273.288280
229.026751
267.912190
238.903084
265.950824
227.128025
272.246194
245.062027
280.301746
174.019250
238.554073
446.073470
122.933332
461.856772
86.621872
448.243584
349.761938
463.218818
333.279603
238.645547
110.973600
457.380249
247.580134
434.572399
357.750904
442.524703
320.277200
450.275047
330.511206
446.780382
318.615905
114.332776
416.776368
119.607256
435.684528
411.350187
397.665377
398.266756
230.538608
117.876701
436.803809
112.753173
458.366986
489.756555
351.655234
120.404149
449.812990
393.165991
434.063439
496.634542
114.631171
122.960255
460.480213
201.526470
189.911365
457.388177
187.783386
202.436446
85.758314
191.901917
191.987223
195.409966
121.364481
437.117833
453.220740
197.322100
450.708030
88.334467
184.851934
462.613015
198.264409
333.212268
128.088493
363.306776
281.099578
345.526574
174.688328
384.983063
217.972542
401.476982
265.189645
381.174873
66.394561
366.993200
252.490423
18.698075
6.301889
355.936516
250.025384
343.855275
287.890560
318.170276
100.281365
471.165422
29.790443
383.300976
237.441325
122.802895
95.161208
345.150561
364.785332
163.661640
89.402334
262.359010
364.454830
412.409653
149.470047
347.543450
373.390863
245.317186
122.958536
557.703083
421.188136
582.337603
425.140150
487.819055
435.473145
145.393812
70.223279
196.571866
38.555365
524.192684
378.458974
396.448990
165.343410
565.660296
401.789963
327.118775
178.776565
575.710775
393.352360
714.026546
566.388764
730.253075
589.024086
727.848117
559.607233
690.055623
547.908904
715.672572
589.827199
699.675966
225.710998
743.545443
247.478899
692.133428
610.040527
689.932939
565.636046
326.333976
271.428503
781.580829
650.122545
739.961333
670.280654
713.333614
645.355875
786.697683
682.336672
772.074733
513.049276
424.732317
323.076158
688.250443
419.220239
779.786263
659.428368
799.058844
240.925703
792.417017
681.012451
30.185576
14.022666
11.439328
5.996769
27.269634
3.901287
115.446412
14.451742
24.578514
9.833246
18.125890
7.680857
699.791005
17.210346
35.191129
8.027414
681.065181
9.096195
81.011643
7.531067
109.173122
35.050898
244.702064
54.301697
736.115796
472.001443
161.193503
57.864363
124.216145
39.322200
789.954709
482.030525
245.298943
16.708329
161.496557
39.351097
704.604367
367.246530
162.842362
36.514473
109.224818
163.851876
320.853546
81.851126
489.317008
130.583329
491.445773
194.529230
452.622933
265.683059
490.648968
140.480951
790.049312
171.602064
777.644549
434.412148
161.846005
198.383054
69.959064
53.151596
355.758967
154.216234
374.499439
188.053573
682.163809
351.435119
317.157667
82.788784
128.928340
85.493530
745.650673
291.934806
218.655986
167.494859
328.775106
238.261141
706.226089
219.880338
224.632334
127.198911
875.747257
162.084292
827.472988
284.966616
448.653596
228.405679
327.619126
280.905974
684.201386
655.119502
831.043141
449.468218
825.531486
530.932060
412.690216
357.238982
812.079480
308.752205
655.332631
292.250365
