183.217039
91.958772
177.389633
78.271381
12.702893
8.825302
183.321775
93.700772
182.418027
93.030283
176.074794
91.291234
165.731727
5.605210
150.677005
82.281178
162.897507
87.160054
155.085464
110.672113
166.993890
165.896051
176.547342
146.448129
166.726196
147.083424
162.491690
151.507508
173.334716
157.063474
174.371449
166.362212
176.014394
141.502085
146.971078
39.874528
171.194924
187.141814
173.194298
160.288677
273.175439
78.907329
250.702977
196.368914
279.773951
212.100073
292.745860
206.708422
272.923579
36.898044
284.205952
131.540760
292.406641
84.711867
271.719172
202.063045
277.970327
175.480652
255.483939
202.982301
358.416047
257.310708
378.507986
179.059494
381.365792
281.022771
376.713254
311.373998
363.305490
280.352286
362.922180
307.521906
372.251618
280.117607
371.143165
304.336002
368.063765
294.933377
367.328178
265.184468
409.618680
323.644995
409.928205
332.026483
413.586238
338.222069
414.438080
312.660246
407.992865
333.365734
415.455964
342.015182
410.450137
339.907153
407.972590
344.619511
414.145386
349.237412
413.009204
338.541925
247.224123
13.066757
198.672726
26.267837
143.657261
154.636772
240.397970
134.772386
237.285158
32.462426
213.746428
164.064235
203.634813
149.680696
261.681674
120.734476
281.884757
150.535546
281.595983
122.557029
347.444086
202.680292
374.949159
191.609774
385.793554
107.926765
398.208888
66.358993
114.619449
41.712497
340.210467
39.069139
308.171427
40.846706
114.067365
57.369958
356.207775
198.821560
367.940596
37.052674
343.996666
181.679545
118.459973
74.117836
345.231066
256.415958
363.217621
291.658698
330.872102
276.061026
369.273427
31.697241
260.389113
203.301321
376.388556
65.105538
371.752670
42.970175
367.054458
289.780926
439.418590
334.029453
437.240548
358.351382
428.760993
338.222069
481.002517
356.180988
446.761364
217.263352
438.411130
346.790488
359.409811
333.244850
460.132654
207.669831
449.212443
324.801662
473.653996
352.623523
507.616819
380.840951
423.734519
375.669771
473.102628
370.159198
525.377366
373.816664
499.360528
246.635895
464.264772
376.380504
490.810365
231.494408
471.615089
359.272449
500.598800
375.346869
428.325527
237.735915
1518.662469
19.351369
1493.901668
58.939697
39.163570
8.293051
1424.237860
19.384316
1473.311906
2008.502452
28.682627
4.248424
53.899139
5.660833
28.631411
5.735790
1464.341970
1916.479431
14.336825
3.475797
1780.379689
12.951778
25.448797
8.192480
17.645142
28.692999
114.057223
13.109333
217.835996
19.670818
15.783845
7.283036
238.520559
10.897598
114.503495
13.907583
229.269627
41.723351
65.593814
17.654451
5149.937367
2500.920031
229.680137
24.787542
5517.262648
396.638996
182.960073
25.807190
228.741553
56.269786
4649.097792
112.519830
297.085012
16.680280
5429.687051
2474.785014
23.183033
20.857859
32.766748
16.384368
193.220627
47.676556
261.492747
94.416019
104.859664
118.309519
368.431562
166.728454
383.439103
181.313075
203.422220
131.145716
5911.352838
3085.575102
5636.972549
127.673366
159.565073
67.888524
5871.891203
3105.965050
5100.874091
355.486954
5500.013502
242.016592
4959.337212
350.366177
367.901024
276.323672
3541.711312
1134.258419
1612.229351
440.801177
917.748299
138.520215
5047.766122
1113.761812
5632.589412
2322.882678
4860.487145
1925.981049
