0.572748 44.555064 722.499600
0.818596 48.248938 785.592082
0.927152 42.884533 701.390448
0.603595 42.317089 687.121954
0.593389 55.078270 891.119299
0.403251 31.403178 508.220610
0.578440 29.162105 476.026158
0.498842 29.399936 478.535838
0.684178 31.638788 517.323104
0.576095 26.439309 432.406188
0.463695 20.626118 335.302640
0.330725 20.528706 333.868990
0.529353 23.066849 377.666971
0.460474 19.384954 317.283818
0.624155 19.006953 309.095101
0.297830 14.992244 244.725026
0.335609 25.874078 418.886773
0.333865 18.429442 300.308174
0.345378 19.218603 312.081610
0.515575 23.850499 386.748752
0.327851 15.954509 259.661003
0.465826 21.889898 354.592947
0.314878 12.576510 206.179285
0.341620 12.375618 202.236904
0.340613 17.598087 285.898435
0.320385 17.858618 290.925664
0.486408 14.692950 240.657142
0.296683 19.015668 308.709370
0.502833 14.374466 238.115736
0.405103 13.772349 226.916862
0.659781 11.768205 198.905370
0.498851 12.431262 206.924695
0.789882 16.055571 269.594993
0.461847 8.508105 143.601623
0.551350 11.041729 181.716217
0.382236 12.107693 199.538095
0.341720 10.579844 173.755293
0.563211 7.489764 124.623548
0.320436 11.570440 190.293117
0.822755 9.481122 164.911113
0.391109 11.274548 184.250566
0.338477 9.596756 159.002305
0.359552 9.354198 153.851733
0.439119 9.192345 153.037489
0.352480 12.581039 205.966319
0.388737 6.780743 113.683633
0.356897 11.696475 192.893155
0.336551 7.546297 125.669243
0.444703 10.624688 173.310570
0.373806 10.236434 167.236686
0.347336 7.687747 128.208705
0.439426 6.632571 113.192524
0.397431 9.394818 155.480006
0.397724 9.457488 157.388022
0.420237 10.598141 174.704230
0.392577 10.742230 178.091948
0.403662 9.373720 154.957668
0.455621 7.432733 124.199588
0.448234 9.553725 160.070694
0.463987 9.651282 159.492634
0.417218 10.336304 172.094645
0.431985 8.986031 148.934619
0.511558 5.383051 93.922259
0.402215 10.729246 177.223951
0.518256 10.448884 172.982208
0.523950 4.963650 86.832045
0.640810 8.924810 152.175457
0.483027 6.472702 111.295800
0.552062 4.286467 77.213191
0.574171 11.708593 195.842494
0.518058 6.671853 115.059748
0.464701 7.818543 132.344266
0.546808 7.872123 134.395994
0.513359 5.868785 101.231335
0.631879 6.160943 108.420840
0.554806 5.881390 101.482405
0.486360 7.185697 121.925945
0.520387 9.699887 163.489537
0.505763 6.406484 110.456639
0.677074 6.432761 112.646673
