11.984846 854.851114 867.147376
17.052181 904.751597 922.216843
11.308125 855.461792 867.127998
8.567421 1113.078923 1122.035529
9.072204 825.995768 835.410405
4.400706 420.515848 474.476645
4.720209 490.466885 591.857672
4.591967 487.296942 584.151664
4.715865 373.586627 459.320580
4.561367 426.961133 489.042483
4.714540 287.827822 384.702293
5.211775 287.098814 382.788108
5.251879 275.379513 334.889255
5.702233 328.705325 371.656405
6.612738 302.632315 455.197966
4.219506 263.324645 360.407142
6.965232 281.408418 424.204273
3.604197 229.175470 295.296168
3.497521 277.786221 441.894521
3.580491 257.868331 358.138123
3.364567 196.875711 254.938289
3.433832 184.901798 253.402999
3.763531 210.137453 330.803998
3.576910 214.416179 370.817720
3.977641 221.184224 302.040211
3.671254 161.632597 244.708156
3.852500 159.269308 229.891786
4.511579 179.987340 318.835794
4.639900 205.572097 342.009177
4.468903 182.167686 303.917668
5.404914 161.050385 298.114275
5.489153 177.655439 265.634408
6.157812 197.160814 352.958702
4.035794 142.546546 220.917478
3.797158 170.769841 328.316714
4.469697 130.766340 235.270316
4.879910 163.438785 324.636440
4.274020 122.920179 191.210592
4.538457 129.479125 221.603926
4.482896 147.465960 223.016008
4.419269 93.882200 178.106081
5.303502 87.333965 155.330276
5.867591 106.555389 229.422764
5.343966 102.584697 187.326841
5.682599 102.840247 175.404058
5.274547 98.772903 204.251149
6.361847 77.994661 184.086253
6.160627 107.196745 195.013829
5.386107 92.143730 186.650367
4.748698 97.469634 185.519233
6.119613 85.087290 182.259045
5.304413 67.906100 167.550501
6.132979 76.816548 173.485088
5.788240 84.851102 210.613993
5.945595 69.971129 160.806931
5.779479 70.578691 150.771896
6.332282 75.350921 257.437815
5.727320 86.352362 268.857708
5.735115 78.362270 240.835620
6.032898 74.426251 202.979084
6.365679 74.592123 165.858606
6.003114 74.054458 191.484742
6.033355 81.420070 267.815500
6.421068 68.830678 175.648309
6.758249 69.054300 243.855790
6.471569 52.586774 98.739393
6.664326 55.814458 108.260568
6.638782 60.518539 155.669975
6.622658 63.862986 153.889865
6.388306 62.127995 123.585892
6.837089 69.055467 164.966714
6.686022 62.461993 114.601681
6.638821 54.717708 131.971659
6.751894 54.164300 112.688317
6.973073 71.110722 154.290630
8.225928 61.855851 156.136410
7.551817 53.040102 113.370191
7.658946 80.412987 246.831106
7.549628 56.945680 132.875892
7.348593 62.866031 121.330695